You win! How do you like the flag? ;)

==user93288==
(45, 5, 0) -> (6, 45, 49)
(5, 0, 10) -> (6, 49, 10)
(5, 39, 0) -> (25, 38, 49)
(0, 5, 10) -> (49, 45, 11)
(40, 10, 0) -> (44, 40, 49)
(0, 45, 10) -> (49, 45, 30)
(0, 45, 5) -> (49, 6, 45)
(5, 10, 0) -> (6, 10, 49)
(5, 10, 0) -> (45, 11, 49)
(5, 5, 0) -> (44, 5, 49)
(5, 25, 0) -> (44, 25, 49)
(0, 10, 5) -> (49, 39, 25)
(0, 5, 10) -> (49, 44, 40)
(5, 39, 0) -> (45, 39, 49)
(0, 45, 10) -> (49, 45, 30)
(0, 5, 10) -> (49, 45, 11)
==user77437==
(0, 45, 5) -> (49, 6, 45)
(5, 0, 10) -> (6, 49, 10)
(0, 5, 39) -> (49, 25, 38)
(0, 5, 10) -> (49, 45, 11)
(0, 40, 10) -> (49, 44, 40)
(45, 10, 0) -> (45, 30, 49)
==user61774==
(45, 5, 0) -> (6, 45, 49)
(45,5,0)(44,5,0)(43,5,0)(42,5,0)(41,5,0)(40,5,0)(39,5,0)(38,5,0)(37,5,0)(36,5,0)(35,5,0)(34,5,0)(33,5,0)(32,5,0)(31,5,0)(30,5,0)(29,5,0)(28,5,0)(27,5,0)(26,5,0)(25,5,0)(24,5,0)(24,5,1)(24,5,2)(24,5,3)(24,5,4)(24,5,5)(23,5,5)(23,5,6)(22,5,6)(21,5,6)(20,5,6)(19,5,6)(18,5,6)(17,5,6)(16,5,6)(16,5,7)(15,5,7)(15,5,8)(15,5,9)(14,5,9)(13,5,9)(12,5,9)(11,5,9)(11,5,10)(10,5,10)(9,5,10)(8,5,10)(7,5,10)(6,5,10)(6,6,10)(6,7,10)(7,7,10)(7,8,10)(8,8,10)(8,9,10)(9,9,10)(9,10,10)(10,10,10)(10,11,10)(11,11,10)(11,12,10)(11,12,11)(12,12,11)(12,12,12)(12,12,13)(12,13,13)(13,13,13)(13,14,13)(14,14,13)(14,14,14)(14,14,15)(14,14,16)(14,14,17)(14,14,18)(14,14,19)(14,14,20)(14,15,20)(15,15,20)(15,15,21)(15,15,22)(15,15,23)(15,16,23)(16,16,23)(16,17,23)(17,17,23)(17,18,23)(18,18,23)(18,19,23)(19,19,23)(19,20,23)(20,20,23)(20,21,23)(20,21,24)(20,21,25)(21,21,25)(21,22,25)(22,22,25)(22,23,25)(23,23,25)(23,24,25)(24,24,25)(24,25,25)(25,25,25)(25,26,25)(26,26,25)(26,27,25)(27,27,25)(27,28,25)(28,28,25)(28,29,25)(29,29,25)(29,30,25)(30,30,25)(30,30,26)(30,31,26)(31,31,26)(31,32,26)(32,32,26)(32,32,27)(32,32,28)(32,33,28)(33,33,28)(33,34,28)(34,34,28)(34,35,28)(35,35,28)(35,36,28)(36,36,28)(36,37,28)(37,37,28)(37,38,28)(38,38,28)(38,39,28)(39,39,28)(39,40,28)(40,40,28)(40,41,28)(41,41,28)(41,42,28)(42,42,28)(42,43,28)(43,43,28)(43,44,28)(43,45,28)(42,45,28)(42,45,29)(42,45,30)(42,45,31)(41,45,31)(41,45,32)(41,45,33)(41,45,34)(40,45,34)(39,45,34)(38,45,34)(37,45,34)(36,45,34)(35,45,34)(34,45,34)(33,45,34)(32,45,34)(31,45,34)(30,45,34)(29,45,34)(28,45,34)(27,45,34)(26,45,34)(25,45,34)(24,45,34)(23,45,34)(22,45,34)(21,45,34)(20,45,34)(20,45,35)(19,45,35)(18,45,35)(17,45,35)(17,45,36)(16,45,36)(15,45,36)(14,45,36)(13,45,36)(12,45,36)(11,45,36)(10,45,36)(9,45,36)(8,45,36)(7,45,36)(7,45,37)(7,45,38)(7,45,39)(6,45,39)(6,45,40)(6,45,41)(6,45,42)(6,45,43)(6,45,44)(6,45,45)(6,45,46)(6,45,47)(6,45,48)(6,45,49)
(5, 0, 10) -> (6, 49, 10)
(5,0,10)(5,0,11)(5,0,12)(5,0,13)(5,1,13)(5,2,13)(5,3,13)(5,3,14)(5,3,15)(5,3,16)(5,3,17)(5,3,18)(5,3,19)(5,3,20)(5,3,21)(5,3,22)(5,3,23)(5,3,24)(5,3,25)(5,3,26)(5,3,27)(5,3,28)(5,3,29)(5,3,30)(5,3,31)(5,3,32)(5,4,32)(5,5,32)(5,6,32)(5,6,33)(5,6,34)(5,7,34)(5,7,35)(5,7,36)(5,7,37)(5,7,38)(5,8,38)(5,9,38)(5,10,38)(5,10,39)(5,10,40)(6,10,40)(7,10,40)(8,10,40)(9,10,40)(10,10,40)(10,11,40)(11,11,40)(12,11,40)(13,11,40)(14,11,40)(15,11,40)(15,12,40)(16,12,40)(17,12,40)(18,12,40)(19,12,40)(20,12,40)(21,12,40)(21,13,40)(22,13,40)(23,13,40)(24,13,40)(25,13,40)(26,13,40)(27,13,40)(27,14,40)(28,14,40)(29,14,40)(30,14,40)(31,14,40)(32,14,40)(33,14,40)(33,15,40)(33,16,40)(34,16,40)(35,16,40)(36,16,40)(37,16,40)(38,16,40)(39,16,40)(39,17,40)(40,17,40)(41,17,40)(42,17,40)(43,17,40)(44,17,40)(45,17,40)(45,17,39)(45,17,38)(45,17,37)(45,17,36)(45,17,35)(45,17,34)(45,17,33)(45,17,32)(45,17,31)(45,17,30)(45,17,29)(45,17,28)(45,17,27)(45,17,26)(45,17,25)(45,17,24)(45,17,23)(45,18,23)(45,19,23)(45,19,22)(45,20,22)(45,21,22)(45,22,22)(45,22,21)(45,23,21)(45,24,21)(45,24,20)(45,24,19)(45,24,18)(45,24,17)(45,24,16)(45,24,15)(45,24,14)(45,24,13)(45,24,12)(45,25,12)(45,26,12)(45,26,11)(45,26,10)(44,26,10)(43,26,10)(42,26,10)(41,26,10)(40,26,10)(39,26,10)(38,26,10)(37,26,10)(37,27,10)(37,28,10)(36,28,10)(35,28,10)(35,29,10)(35,30,10)(35,31,10)(35,32,10)(35,33,10)(35,34,10)(35,35,10)(34,35,10)(33,35,10)(32,35,10)(31,35,10)(30,35,10)(29,35,10)(28,35,10)(27,35,10)(26,35,10)(25,35,10)(24,35,10)(23,35,10)(22,35,10)(21,35,10)(20,35,10)(19,35,10)(19,36,10)(19,37,10)(18,37,10)(17,37,10)(16,37,10)(15,37,10)(14,37,10)(13,37,10)(12,37,10)(11,37,10)(10,37,10)(9,37,10)(8,37,10)(7,37,10)(7,38,10)(6,38,10)(6,39,10)(6,40,10)(6,41,10)(6,42,10)(6,43,10)(6,44,10)(6,45,10)(6,46,10)(6,47,10)(6,48,10)(6,49,10)
(5, 39, 0) -> (25, 38, 49)
(5,39,0)(5,38,0)(5,38,1)(5,37,1)(5,36,1)(5,35,1)(5,34,1)(5,34,2)(5,33,2)(5,32,2)(5,31,2)(5,30,2)(5,29,2)(5,29,3)(5,29,4)(5,28,4)(5,27,4)(5,26,4)(5,25,4)(5,24,4)(5,23,4)(5,22,4)(5,21,4)(5,21,5)(5,21,6)(5,20,6)(5,19,6)(5,18,6)(5,17,6)(5,17,7)(5,17,8)(5,17,9)(5,16,9)(5,15,9)(5,14,9)(5,13,9)(5,12,9)(5,12,10)(5,11,10)(5,10,10)(6,10,10)(7,10,10)(8,10,10)(9,10,10)(10,10,10)(11,10,10)(12,10,10)(13,10,10)(14,10,10)(15,10,10)(16,10,10)(17,10,10)(18,10,10)(19,10,10)(19,10,11)(19,10,12)(20,10,12)(21,10,12)(22,10,12)(23,10,12)(24,10,12)(25,10,12)(26,10,12)(27,10,12)(28,10,12)(29,10,12)(30,10,12)(30,10,13)(30,10,14)(30,10,15)(31,10,15)(31,10,16)(31,10,17)(31,10,18)(32,10,18)(33,10,18)(34,10,18)(35,10,18)(36,10,18)(37,10,18)(38,10,18)(38,10,19)(39,10,19)(39,10,20)(39,10,21)(40,10,21)(40,10,22)(41,10,22)(41,10,23)(41,10,24)(41,10,25)(41,10,26)(41,10,27)(41,10,28)(41,10,29)(41,10,30)(40,10,30)(39,10,30)(38,10,30)(37,10,30)(36,10,30)(35,10,30)(34,10,30)(34,10,31)(33,10,31)(32,10,31)(31,10,31)(30,10,31)(29,10,31)(28,10,31)(27,10,31)(26,10,31)(25,10,31)(25,11,31)(25,11,32)(25,12,32)(25,12,33)(25,12,34)(25,12,35)(25,12,36)(25,12,37)(25,12,38)(25,13,38)(25,14,38)(25,15,38)(25,16,38)(25,17,38)(25,18,38)(25,19,38)(25,20,38)(25,21,38)(25,22,38)(25,23,38)(25,24,38)(25,25,38)(25,26,38)(25,27,38)(25,28,38)(25,29,38)(25,30,38)(25,30,39)(25,31,39)(25,32,39)(25,33,39)(25,34,39)(25,35,39)(25,36,39)(25,37,39)(25,38,39)(25,38,40)(25,38,41)(25,38,42)(25,38,43)(25,38,44)(25,38,45)(25,38,46)(25,38,47)(25,38,48)(25,38,49)
(0, 5, 10) -> (49, 45, 11)
(0,5,10)(0,5,11)(0,5,12)(0,5,13)(0,5,14)(1,5,14)(2,5,14)(3,5,14)(4,5,14)(4,5,15)(5,5,15)(6,5,15)(6,5,16)(6,5,17)(6,5,18)(7,5,18)(7,5,19)(7,5,20)(7,5,21)(7,5,22)(7,5,23)(7,5,24)(7,5,25)(7,5,26)(7,5,27)(7,5,28)(7,5,29)(7,5,30)(7,5,31)(7,5,32)(7,5,33)(7,5,34)(7,5,35)(7,5,36)(8,5,36)(9,5,36)(10,5,36)(11,5,36)(11,5,37)(12,5,37)(13,5,37)(14,5,37)(15,5,37)(16,5,37)(17,5,37)(17,5,38)(17,5,39)(17,6,39)(17,7,39)(17,7,38)(18,7,38)(19,7,38)(20,7,38)(20,8,38)(20,8,37)(20,9,37)(20,9,36)(20,10,36)(20,10,35)(20,11,35)(20,11,34)(20,12,34)(20,12,33)(20,13,33)(21,13,33)(21,13,32)(22,13,32)(22,14,32)(22,14,31)(22,15,31)(23,15,31)(23,15,30)(23,16,30)(23,16,29)(23,17,29)(24,17,29)(24,17,28)(24,18,28)(24,18,27)(25,18,27)(26,18,27)(27,18,27)(27,19,27)(27,19,26)(27,20,26)(27,20,25)(27,21,25)(28,21,25)(29,21,25)(30,21,25)(30,21,24)(30,22,24)(30,22,23)(30,23,23)(30,23,22)(30,24,22)(30,24,21)(30,25,21)(30,26,21)(30,26,22)(30,26,23)(30,26,24)(30,26,25)(30,26,26)(30,26,27)(30,26,28)(30,26,29)(31,26,29)(31,26,30)(31,26,31)(31,26,32)(31,26,33)(31,26,34)(31,26,35)(31,26,36)(31,26,37)(31,26,38)(31,26,39)(31,26,40)(31,27,40)(31,28,40)(32,28,40)(32,29,40)(32,30,40)(32,31,40)(32,32,40)(32,33,40)(32,34,40)(32,35,40)(32,36,40)(32,37,40)(32,38,40)(32,39,40)(32,40,40)(32,41,40)(32,42,40)(32,43,40)(32,44,40)(32,45,40)(32,45,39)(32,45,38)(32,45,37)(33,45,37)(33,45,36)(33,45,35)(34,45,35)(35,45,35)(35,45,34)(35,45,33)(35,45,32)(35,45,31)(35,45,30)(35,45,29)(35,45,28)(35,45,27)(35,45,26)(35,45,25)(35,45,24)(35,45,23)(35,45,22)(35,45,21)(35,45,20)(35,45,19)(35,45,18)(36,45,18)(36,45,17)(36,45,16)(36,45,15)(36,45,14)(37,45,14)(38,45,14)(39,45,14)(39,45,13)(39,45,12)(39,45,11)(40,45,11)(41,45,11)(42,45,11)(43,45,11)(44,45,11)(45,45,11)(46,45,11)(47,45,11)(48,45,11)(49,45,11)
(0, 40, 10) -> (49, 44, 40)
(0,40,10)(0,39,10)(1,39,10)(2,39,10)(3,39,10)(4,39,10)(5,39,10)(6,39,10)(6,38,10)(6,37,10)(6,36,10)(7,36,10)(7,35,10)(7,34,10)(7,33,10)(7,32,10)(7,31,10)(7,30,10)(7,29,10)(7,28,10)(7,27,10)(7,26,10)(7,25,10)(7,25,11)(7,25,12)(7,25,13)(7,25,14)(7,25,15)(7,25,16)(7,25,17)(7,25,18)(7,25,19)(7,25,20)(7,25,21)(7,25,22)(7,25,23)(7,25,24)(7,25,25)(8,25,25)(8,25,26)(8,25,27)(8,25,28)(8,25,29)(8,25,30)(8,25,31)(8,25,32)(8,25,33)(8,25,34)(8,25,35)(8,25,36)(8,25,37)(8,25,38)(8,25,39)(8,25,40)(9,25,40)(10,25,40)(11,25,40)(11,24,40)(11,23,40)(11,22,40)(11,21,40)(11,20,40)(11,19,40)(12,19,40)(13,19,40)(13,18,40)(13,17,40)(13,16,40)(13,15,40)(13,14,40)(13,13,40)(13,12,40)(13,11,40)(13,10,40)(13,9,40)(13,8,40)(13,7,40)(13,6,40)(14,6,40)(14,5,40)(14,5,39)(14,5,38)(15,5,38)(16,5,38)(17,5,38)(18,5,38)(18,5,37)(18,5,36)(18,5,35)(18,5,34)(18,5,33)(18,5,32)(18,5,31)(18,5,30)(18,5,29)(18,5,28)(19,5,28)(19,5,27)(19,5,26)(19,5,25)(20,5,25)(20,5,24)(20,5,23)(20,5,22)(20,5,21)(20,5,20)(20,5,19)(20,5,18)(20,5,17)(20,5,16)(20,5,15)(20,5,14)(20,5,13)(20,5,12)(20,5,11)(20,5,10)(20,6,10)(20,7,10)(20,8,10)(20,9,10)(20,10,10)(20,11,10)(20,12,10)(20,13,10)(20,14,10)(20,15,10)(20,16,10)(20,17,10)(20,18,10)(20,19,10)(20,20,10)(20,21,10)(20,22,10)(20,23,10)(20,24,10)(20,25,10)(20,25,11)(20,25,12)(20,25,13)(20,25,14)(20,25,15)(20,25,16)(20,25,17)(20,25,18)(20,25,19)(20,25,20)(20,25,21)(20,25,22)(20,25,23)(20,25,24)(21,25,24)(21,25,25)(21,25,26)(21,25,27)(22,25,27)(22,25,28)(22,25,29)(22,25,30)(23,25,30)(24,25,30)(25,25,30)(26,25,30)(27,25,30)(28,25,30)(28,25,31)(29,25,31)(30,25,31)(30,25,32)(30,25,33)(30,25,34)(30,25,35)(30,25,36)(30,25,37)(30,25,38)(30,25,39)(30,25,40)(30,26,40)(30,27,40)(30,28,40)(30,29,40)(30,30,40)(31,30,40)(32,30,40)(32,31,40)(32,32,40)(32,33,40)(32,34,40)(32,35,40)(32,36,40)(33,36,40)(33,37,40)(33,38,40)(33,39,40)(33,40,40)(34,40,40)(35,40,40)(36,40,40)(37,40,40)(38,40,40)(38,41,40)(38,42,40)(38,43,40)(38,44,40)(39,44,40)(40,44,40)(41,44,40)(42,44,40)(43,44,40)(44,44,40)(45,44,40)(46,44,40)(47,44,40)(48,44,40)(49,44,40)
(45, 10, 0) -> (45, 30, 49)
(45,10,0)(44,10,0)(43,10,0)(42,10,0)(42,10,1)(42,10,2)(42,10,3)(42,10,4)(41,10,4)(40,10,4)(39,10,4)(38,10,4)(37,10,4)(36,10,4)(35,10,4)(34,10,4)(33,10,4)(32,10,4)(31,10,4)(30,10,4)(29,10,4)(28,10,4)(27,10,4)(26,10,4)(25,10,4)(24,10,4)(23,10,4)(22,10,4)(21,10,4)(20,10,4)(19,10,4)(18,10,4)(17,10,4)(16,10,4)(15,10,4)(14,10,4)(13,10,4)(12,10,4)(11,10,4)(10,10,4)(9,10,4)(9,10,5)(8,10,5)(7,10,5)(6,10,5)(5,10,5)(5,11,5)(5,12,5)(5,13,5)(5,14,5)(5,15,5)(5,16,5)(5,17,5)(5,18,5)(5,19,5)(5,20,5)(5,21,5)(5,21,6)(5,22,6)(5,23,6)(5,24,6)(5,25,6)(5,26,6)(5,27,6)(5,28,6)(5,29,6)(5,30,6)(5,31,6)(5,32,6)(5,33,6)(5,34,6)(5,35,6)(5,36,6)(5,37,6)(5,38,6)(5,39,6)(5,40,6)(5,40,7)(5,40,8)(5,40,9)(5,40,10)(6,40,10)(7,40,10)(8,40,10)(9,40,10)(10,40,10)(11,40,10)(12,40,10)(12,40,11)(13,40,11)(13,40,12)(13,40,13)(14,40,13)(15,40,13)(16,40,13)(17,40,13)(17,40,14)(18,40,14)(19,40,14)(20,40,14)(21,40,14)(22,40,14)(23,40,14)(24,40,14)(24,40,15)(24,40,16)(24,40,17)(25,40,17)(25,39,17)(25,38,17)(25,37,17)(25,36,17)(25,35,17)(25,34,17)(25,33,17)(25,32,17)(25,31,17)(25,30,17)(25,29,17)(25,28,17)(25,28,18)(25,28,19)(25,28,20)(25,28,21)(25,28,22)(25,27,22)(25,26,22)(25,25,22)(25,24,22)(25,23,22)(25,22,22)(25,21,22)(25,20,22)(25,19,22)(25,18,22)(25,17,22)(25,16,22)(25,15,22)(25,14,22)(25,13,22)(25,13,23)(25,13,24)(25,13,25)(25,13,26)(25,13,27)(25,12,27)(26,12,27)(26,12,28)(27,12,28)(27,12,29)(27,13,29)(27,13,30)(27,13,31)(28,13,31)(28,14,31)(29,14,31)(29,15,31)(30,15,31)(30,16,31)(31,16,31)(31,17,31)(31,17,32)(32,17,32)(32,18,32)(33,18,32)(33,19,32)(34,19,32)(34,20,32)(35,20,32)(35,21,32)(36,21,32)(36,22,32)(37,22,32)(37,22,33)(37,22,34)(37,23,34)(38,23,34)(38,24,34)(39,24,34)(39,25,34)(40,25,34)(40,25,35)(40,25,36)(40,25,37)(40,26,37)(41,26,37)(41,27,37)(42,27,37)(42,28,37)(42,28,38)(43,28,38)(43,29,38)(44,29,38)(44,30,38)(45,30,38)(45,30,39)(45,30,40)(45,30,41)(45,30,42)(45,30,43)(45,30,44)(45,30,45)(45,30,46)(45,30,47)(45,30,48)(45,30,49)
(45, 0, 5) -> (6, 49, 45)
(45,0,5)(44,0,5)(43,0,5)(42,0,5)(41,0,5)(40,0,5)(39,0,5)(38,0,5)(37,0,5)(36,0,5)(35,0,5)(34,0,5)(33,0,5)(32,0,5)(31,0,5)(30,0,5)(29,0,5)(28,0,5)(27,0,5)(26,0,5)(25,0,5)(24,0,5)(24,1,5)(24,2,5)(24,3,5)(24,4,5)(24,5,5)(23,5,5)(23,6,5)(22,6,5)(21,6,5)(20,6,5)(19,6,5)(18,6,5)(17,6,5)(16,6,5)(16,7,5)(15,7,5)(15,8,5)(15,9,5)(14,9,5)(13,9,5)(12,9,5)(11,9,5)(11,10,5)(10,10,5)(9,10,5)(8,10,5)(7,10,5)(6,10,5)(6,10,6)(6,10,7)(7,10,7)(7,10,8)(8,10,8)(8,10,9)(9,10,9)(9,10,10)(10,10,10)(10,10,11)(11,10,11)(11,10,12)(11,11,12)(12,11,12)(12,12,12)(12,13,12)(12,13,13)(13,13,13)(13,13,14)(14,13,14)(14,14,14)(14,15,14)(14,16,14)(14,17,14)(14,18,14)(14,19,14)(14,20,14)(14,20,15)(15,20,15)(15,21,15)(15,22,15)(15,23,15)(15,23,16)(16,23,16)(16,23,17)(17,23,17)(17,23,18)(18,23,18)(18,23,19)(19,23,19)(19,23,20)(20,23,20)(20,23,21)(20,24,21)(20,25,21)(21,25,21)(21,25,22)(22,25,22)(22,25,23)(23,25,23)(23,25,24)(24,25,24)(24,25,25)(25,25,25)(25,25,26)(26,25,26)(26,25,27)(27,25,27)(27,25,28)(28,25,28)(28,25,29)(29,25,29)(29,25,30)(30,25,30)(30,26,30)(30,26,31)(31,26,31)(31,26,32)(32,26,32)(32,27,32)(32,28,32)(32,28,33)(33,28,33)(33,28,34)(34,28,34)(34,28,35)(35,28,35)(35,28,36)(36,28,36)(36,28,37)(37,28,37)(37,28,38)(38,28,38)(38,28,39)(39,28,39)(39,28,40)(40,28,40)(40,28,41)(41,28,41)(41,28,42)(42,28,42)(42,28,43)(43,28,43)(43,28,44)(43,28,45)(42,28,45)(42,29,45)(42,30,45)(42,31,45)(41,31,45)(41,32,45)(41,33,45)(41,34,45)(40,34,45)(39,34,45)(38,34,45)(37,34,45)(36,34,45)(35,34,45)(34,34,45)(33,34,45)(32,34,45)(31,34,45)(30,34,45)(29,34,45)(28,34,45)(27,34,45)(26,34,45)(25,34,45)(24,34,45)(23,34,45)(22,34,45)(21,34,45)(20,34,45)(20,35,45)(19,35,45)(18,35,45)(17,35,45)(17,36,45)(16,36,45)(15,36,45)(14,36,45)(13,36,45)(12,36,45)(11,36,45)(10,36,45)(9,36,45)(8,36,45)(7,36,45)(7,37,45)(7,38,45)(7,39,45)(6,39,45)(6,40,45)(6,41,45)(6,42,45)(6,43,45)(6,44,45)(6,45,45)(6,46,45)(6,47,45)(6,48,45)(6,49,45)
(5, 10, 0) -> (6, 10, 49)
(5,10,0)(5,11,0)(5,12,0)(5,13,0)(5,13,1)(5,13,2)(5,13,3)(5,14,3)(5,15,3)(5,16,3)(5,17,3)(5,18,3)(5,19,3)(5,20,3)(5,21,3)(5,22,3)(5,23,3)(5,24,3)(5,25,3)(5,26,3)(5,27,3)(5,28,3)(5,29,3)(5,30,3)(5,31,3)(5,32,3)(5,32,4)(5,32,5)(5,32,6)(5,33,6)(5,34,6)(5,34,7)(5,35,7)(5,36,7)(5,37,7)(5,38,7)(5,38,8)(5,38,9)(5,38,10)(5,39,10)(5,40,10)(6,40,10)(7,40,10)(8,40,10)(9,40,10)(10,40,10)(10,40,11)(11,40,11)(12,40,11)(13,40,11)(14,40,11)(15,40,11)(15,40,12)(16,40,12)(17,40,12)(18,40,12)(19,40,12)(20,40,12)(21,40,12)(21,40,13)(22,40,13)(23,40,13)(24,40,13)(25,40,13)(26,40,13)(27,40,13)(27,40,14)(28,40,14)(29,40,14)(30,40,14)(31,40,14)(32,40,14)(33,40,14)(33,40,15)(33,40,16)(34,40,16)(35,40,16)(36,40,16)(37,40,16)(38,40,16)(39,40,16)(39,40,17)(40,40,17)(41,40,17)(42,40,17)(43,40,17)(44,40,17)(45,40,17)(45,39,17)(45,38,17)(45,37,17)(45,36,17)(45,35,17)(45,34,17)(45,33,17)(45,32,17)(45,31,17)(45,30,17)(45,29,17)(45,28,17)(45,27,17)(45,26,17)(45,25,17)(45,24,17)(45,23,17)(45,23,18)(45,23,19)(45,22,19)(45,22,20)(45,22,21)(45,22,22)(45,21,22)(45,21,23)(45,21,24)(45,20,24)(45,19,24)(45,18,24)(45,17,24)(45,16,24)(45,15,24)(45,14,24)(45,13,24)(45,12,24)(45,12,25)(45,12,26)(45,11,26)(45,10,26)(44,10,26)(43,10,26)(42,10,26)(41,10,26)(40,10,26)(39,10,26)(38,10,26)(37,10,26)(37,10,27)(37,10,28)(36,10,28)(35,10,28)(35,10,29)(35,10,30)(35,10,31)(35,10,32)(35,10,33)(35,10,34)(35,10,35)(34,10,35)(33,10,35)(32,10,35)(31,10,35)(30,10,35)(29,10,35)(28,10,35)(27,10,35)(26,10,35)(25,10,35)(24,10,35)(23,10,35)(22,10,35)(21,10,35)(20,10,35)(19,10,35)(19,10,36)(19,10,37)(18,10,37)(17,10,37)(16,10,37)(15,10,37)(14,10,37)(13,10,37)(12,10,37)(11,10,37)(10,10,37)(9,10,37)(8,10,37)(7,10,37)(7,10,38)(6,10,38)(6,10,39)(6,10,40)(6,10,41)(6,10,42)(6,10,43)(6,10,44)(6,10,45)(6,10,46)(6,10,47)(6,10,48)(6,10,49)
(0, 5, 10) -> (49, 45, 11)
(0,5,10)(0,5,11)(0,5,12)(0,5,13)(0,5,14)(1,5,14)(2,5,14)(3,5,14)(4,5,14)(4,5,15)(5,5,15)(6,5,15)(6,5,16)(6,5,17)(6,5,18)(7,5,18)(7,5,19)(7,5,20)(7,5,21)(7,5,22)(7,5,23)(7,5,24)(7,5,25)(7,5,26)(7,5,27)(7,5,28)(7,5,29)(7,5,30)(7,5,31)(7,5,32)(7,5,33)(7,5,34)(7,5,35)(7,5,36)(8,5,36)(9,5,36)(10,5,36)(11,5,36)(11,5,37)(12,5,37)(13,5,37)(14,5,37)(15,5,37)(16,5,37)(17,5,37)(17,5,38)(17,5,39)(17,6,39)(17,7,39)(17,7,38)(18,7,38)(19,7,38)(20,7,38)(20,8,38)(20,8,37)(20,9,37)(20,9,36)(20,10,36)(20,10,35)(20,11,35)(20,11,34)(20,12,34)(20,12,33)(20,13,33)(21,13,33)(21,13,32)(22,13,32)(22,14,32)(22,14,31)(22,15,31)(23,15,31)(23,15,30)(23,16,30)(23,16,29)(23,17,29)(24,17,29)(24,17,28)(24,18,28)(24,18,27)(25,18,27)(26,18,27)(27,18,27)(27,19,27)(27,19,26)(27,20,26)(27,20,25)(27,21,25)(28,21,25)(29,21,25)(30,21,25)(30,21,24)(30,22,24)(30,22,23)(30,23,23)(30,23,22)(30,24,22)(30,24,21)(30,25,21)(30,26,21)(30,26,22)(30,26,23)(30,26,24)(30,26,25)(30,26,26)(30,26,27)(30,26,28)(30,26,29)(31,26,29)(31,26,30)(31,26,31)(31,26,32)(31,26,33)(31,26,34)(31,26,35)(31,26,36)(31,26,37)(31,26,38)(31,26,39)(31,26,40)(31,27,40)(31,28,40)(32,28,40)(32,29,40)(32,30,40)(32,31,40)(32,32,40)(32,33,40)(32,34,40)(32,35,40)(32,36,40)(32,37,40)(32,38,40)(32,39,40)(32,40,40)(32,41,40)(32,42,40)(32,43,40)(32,44,40)(32,45,40)(32,45,39)(32,45,38)(32,45,37)(33,45,37)(33,45,36)(33,45,35)(34,45,35)(35,45,35)(35,45,34)(35,45,33)(35,45,32)(35,45,31)(35,45,30)(35,45,29)(35,45,28)(35,45,27)(35,45,26)(35,45,25)(35,45,24)(35,45,23)(35,45,22)(35,45,21)(35,45,20)(35,45,19)(35,45,18)(36,45,18)(36,45,17)(36,45,16)(36,45,15)(36,45,14)(37,45,14)(38,45,14)(39,45,14)(39,45,13)(39,45,12)(39,45,11)(40,45,11)(41,45,11)(42,45,11)(43,45,11)(44,45,11)(45,45,11)(46,45,11)(47,45,11)(48,45,11)(49,45,11)
(5, 0, 5) -> (44, 49, 5)
(5,0,5)(6,0,5)(6,0,6)(6,1,6)(6,2,6)(6,3,6)(6,4,6)(7,4,6)(7,4,7)(8,4,7)(8,4,8)(9,4,8)(9,4,9)(10,4,9)(10,4,10)(11,4,10)(11,4,11)(12,4,11)(12,4,12)(13,4,12)(13,4,13)(14,4,13)(14,4,14)(15,4,14)(15,4,15)(16,4,15)(16,4,16)(17,4,16)(17,4,17)(17,5,17)(17,6,17)(18,6,17)(18,6,18)(19,6,18)(19,6,19)(20,6,19)(20,6,20)(21,6,20)(21,6,21)(22,6,21)(22,6,22)(23,6,22)(23,6,23)(24,6,23)(24,6,24)(25,6,24)(25,6,25)(26,6,25)(26,6,26)(27,6,26)(27,6,27)(28,6,27)(28,7,27)(28,7,28)(29,7,28)(29,7,29)(30,7,29)(30,7,30)(31,7,30)(31,7,31)(32,7,31)(32,7,32)(33,7,32)(33,7,33)(34,7,33)(34,8,33)(34,8,34)(35,8,34)(35,8,35)(36,8,35)(36,8,36)(37,8,36)(37,9,36)(37,10,36)(37,10,37)(38,10,37)(38,10,38)(39,10,38)(39,11,38)(39,11,39)(39,11,40)(39,12,40)(39,13,40)(39,14,40)(39,14,39)(38,14,39)(38,14,38)(37,14,38)(37,14,37)(36,14,37)(36,14,36)(35,14,36)(35,14,35)(34,14,35)(34,14,34)(33,14,34)(33,14,33)(32,14,33)(32,14,32)(31,14,32)(31,14,31)(30,14,31)(30,14,30)(29,14,30)(29,14,29)(28,14,29)(28,14,28)(27,14,28)(27,14,27)(26,14,27)(26,14,26)(25,14,26)(24,14,26)(24,14,27)(24,15,27)(24,16,27)(23,16,27)(23,16,28)(22,16,28)(22,16,29)(21,16,29)(21,16,30)(20,16,30)(20,16,31)(19,16,31)(19,16,32)(18,16,32)(18,16,33)(18,17,33)(17,17,33)(17,17,34)(16,17,34)(16,17,35)(15,17,35)(15,17,36)(14,17,36)(14,17,37)(13,17,37)(13,17,38)(12,17,38)(12,18,38)(12,19,38)(12,20,38)(12,20,39)(11,20,39)(11,20,40)(10,20,40)(10,20,41)(10,21,41)(9,21,41)(9,22,41)(9,22,40)(10,22,40)(10,22,39)(11,22,39)(11,22,38)(12,22,38)(12,22,37)(13,22,37)(13,22,36)(14,22,36)(14,22,35)(15,22,35)(15,22,34)(16,22,34)(16,22,33)(17,22,33)(17,22,32)(18,22,32)(18,23,32)(18,24,32)(18,25,32)(18,26,32)(18,26,31)(19,26,31)(19,26,30)(20,26,30)(20,26,29)(21,26,29)(21,26,28)(22,26,28)(22,26,27)(23,26,27)(23,26,26)(24,26,26)(24,26,25)(24,27,25)(24,28,25)(24,29,25)(24,30,25)(25,30,25)(25,30,24)(26,30,24)(26,30,23)(27,30,23)(27,30,22)(28,30,22)(28,30,21)(28,31,21)(28,32,21)(28,33,21)(29,33,21)(29,34,21)(29,34,20)(30,34,20)(30,34,19)(31,34,19)(31,34,18)(32,34,18)(32,34,17)(33,34,17)(33,34,16)(33,35,16)(33,36,16)(34,36,16)(34,36,15)(35,36,15)(35,36,14)(36,36,14)(36,36,13)(36,37,13)(37,37,13)(37,37,12)(38,37,12)(38,37,11)(39,37,11)(39,37,10)(40,37,10)(40,37,9)(41,37,9)(41,37,8)(42,37,8)(42,37,7)(43,37,7)(43,37,6)(43,38,6)(44,38,6)(44,38,5)(44,39,5)(44,40,5)(44,41,5)(44,42,5)(44,43,5)(44,44,5)(44,45,5)(44,46,5)(44,47,5)(44,48,5)(44,49,5)
(0, 5, 25) -> (49, 44, 25)
(0,5,25)(0,6,25)(1,6,25)(1,7,25)(1,8,25)(1,9,25)(2,9,25)(2,10,25)(3,10,25)(3,11,25)(3,12,25)(3,13,25)(3,14,25)(3,15,25)(3,16,25)(3,17,25)(3,18,25)(4,18,25)(5,18,25)(6,18,25)(7,18,25)(8,18,25)(9,18,25)(10,18,25)(10,19,25)(11,19,25)(12,19,25)(13,19,25)(14,19,25)(14,20,25)(14,21,25)(15,21,25)(15,22,25)(16,22,25)(16,23,25)(16,24,25)(16,25,25)(16,26,25)(17,26,25)(18,26,25)(19,26,25)(20,26,25)(20,27,25)(20,28,25)(20,29,25)(20,30,25)(20,31,25)(21,31,25)(22,31,25)(22,32,25)(23,32,25)(24,32,25)(25,32,25)(26,32,25)(27,32,25)(28,32,25)(28,33,25)(28,34,25)(28,35,25)(29,35,25)(30,35,25)(31,35,25)(32,35,25)(33,35,25)(33,36,25)(34,36,25)(35,36,25)(36,36,25)(37,36,25)(37,37,25)(37,38,25)(37,39,25)(37,40,25)(38,40,25)(38,41,25)(38,42,25)(38,43,25)(39,43,25)(39,44,25)(40,44,25)(41,44,25)(42,44,25)(43,44,25)(44,44,25)(45,44,25)(46,44,25)(47,44,25)(48,44,25)(49,44,25)
(10, 5, 0) -> (39, 25, 49)
(10,5,0)(10,6,0)(10,7,0)(10,8,0)(10,9,0)(10,10,0)(10,11,0)(10,12,0)(10,13,0)(10,14,0)(10,15,0)(10,16,0)(10,17,0)(10,17,1)(10,18,1)(10,19,1)(10,19,2)(10,20,2)(10,21,2)(10,21,3)(10,22,3)(10,23,3)(10,23,4)(10,24,4)(10,25,4)(10,26,4)(10,27,4)(10,28,4)(10,28,5)(10,28,6)(10,29,6)(10,30,6)(10,31,6)(10,32,6)(10,33,6)(10,34,6)(10,34,7)(10,35,7)(10,36,7)(10,37,7)(10,38,7)(10,39,7)(10,40,7)(10,40,8)(10,40,9)(10,40,10)(10,40,11)(10,41,11)(10,42,11)(10,42,12)(10,42,13)(10,42,14)(10,42,15)(10,43,15)(10,44,15)(10,45,15)(10,45,16)(10,45,17)(10,45,18)(10,44,18)(10,43,18)(10,42,18)(10,41,18)(10,40,18)(10,39,18)(10,38,18)(10,37,18)(10,36,18)(10,35,18)(10,34,18)(10,33,18)(10,32,18)(10,32,19)(10,31,19)(10,30,19)(10,29,19)(10,28,19)(10,27,19)(10,27,20)(10,27,21)(10,27,22)(10,26,22)(10,25,22)(11,25,22)(12,25,22)(13,25,22)(14,25,22)(15,25,22)(16,25,22)(17,25,22)(18,25,22)(19,25,22)(20,25,22)(20,25,23)(20,25,24)(21,25,24)(22,25,24)(22,25,25)(22,25,26)(22,25,27)(22,25,28)(23,25,28)(23,25,29)(24,25,29)(24,25,30)(24,25,31)(25,25,31)(26,25,31)(27,25,31)(28,25,31)(28,25,32)(28,25,33)(28,25,34)(29,25,34)(30,25,34)(31,25,34)(32,25,34)(32,25,35)(32,25,36)(32,25,37)(33,25,37)(34,25,37)(35,25,37)(36,25,37)(37,25,37)(38,25,37)(39,25,37)(39,25,38)(39,25,39)(39,25,40)(39,25,41)(39,25,42)(39,25,43)(39,25,44)(39,25,45)(39,25,46)(39,25,47)(39,25,48)(39,25,49)
(5, 0, 10) -> (44, 49, 40)
(5,0,10)(6,0,10)(7,0,10)(7,1,10)(8,1,10)(8,2,10)(9,2,10)(10,2,10)(11,2,10)(12,2,10)(13,2,10)(14,2,10)(15,2,10)(16,2,10)(17,2,10)(18,2,10)(19,2,10)(20,2,10)(21,2,10)(22,2,10)(23,2,10)(24,2,10)(25,2,10)(25,3,10)(26,3,10)(27,3,10)(27,4,10)(28,4,10)(29,4,10)(30,4,10)(31,4,10)(32,4,10)(33,4,10)(34,4,10)(35,4,10)(36,4,10)(37,4,10)(38,4,10)(39,4,10)(40,4,10)(41,4,10)(41,5,10)(41,6,10)(41,7,10)(41,8,10)(41,9,10)(41,10,10)(41,11,10)(41,12,10)(40,12,10)(40,13,10)(40,14,10)(39,14,10)(38,14,10)(37,14,10)(36,14,10)(35,14,10)(34,14,10)(33,14,10)(32,14,10)(32,15,10)(32,16,10)(32,17,10)(32,18,10)(31,18,10)(30,18,10)(29,18,10)(29,19,10)(29,20,10)(29,21,10)(28,21,10)(27,21,10)(26,21,10)(25,21,10)(25,21,11)(25,21,12)(25,21,13)(25,21,14)(25,21,15)(25,21,16)(25,21,17)(25,21,18)(25,22,18)(25,22,19)(25,22,20)(25,22,21)(25,22,22)(25,22,23)(25,22,24)(25,22,25)(25,22,26)(25,22,27)(25,22,28)(25,23,28)(25,24,28)(25,25,28)(25,26,28)(25,26,29)(25,26,30)(25,26,31)(25,27,31)(25,28,31)(25,28,32)(25,28,33)(25,28,34)(25,29,34)(25,30,34)(25,31,34)(25,32,34)(25,33,34)(25,34,34)(25,34,35)(25,34,36)(25,34,37)(25,35,37)(25,35,38)(25,35,39)(25,35,40)(24,35,40)(23,35,40)(22,35,40)(21,35,40)(20,35,40)(19,35,40)(18,35,40)(17,35,40)(16,35,40)(15,35,40)(14,35,40)(13,35,40)(12,35,40)(11,35,40)(11,36,40)(10,36,40)(10,37,40)(10,38,40)(11,38,40)(12,38,40)(13,38,40)(14,38,40)(15,38,40)(16,38,40)(17,38,40)(18,38,40)(18,39,40)(19,39,40)(20,39,40)(21,39,40)(22,39,40)(23,39,40)(24,39,40)(25,39,40)(26,39,40)(27,39,40)(28,39,40)(29,39,40)(30,39,40)(31,39,40)(32,39,40)(33,39,40)(34,39,40)(35,39,40)(36,39,40)(37,39,40)(38,39,40)(39,39,40)(40,39,40)(41,39,40)(42,39,40)(43,39,40)(44,39,40)(44,40,40)(44,41,40)(44,42,40)(44,43,40)(44,44,40)(44,45,40)(44,46,40)(44,47,40)(44,48,40)(44,49,40)
(5, 39, 0) -> (45, 39, 49)
(5,39,0)(5,38,0)(5,37,0)(5,36,0)(5,35,0)(5,34,0)(5,33,0)(5,32,0)(5,31,0)(5,30,0)(5,29,0)(5,29,1)(5,29,2)(5,28,2)(5,27,2)(5,26,2)(5,25,2)(5,24,2)(5,24,3)(5,24,4)(5,24,5)(5,24,6)(5,23,6)(5,22,6)(5,22,7)(5,22,8)(5,21,8)(5,21,9)(5,21,10)(5,20,10)(5,19,10)(5,18,10)(5,18,11)(5,18,12)(5,18,13)(5,17,13)(5,16,13)(5,15,13)(5,14,13)(5,13,13)(5,12,13)(5,11,13)(5,10,13)(5,10,14)(5,10,15)(5,10,16)(5,10,17)(6,10,17)(7,10,17)(8,10,17)(9,10,17)(10,10,17)(11,10,17)(12,10,17)(13,10,17)(14,10,17)(15,10,17)(15,10,18)(16,10,18)(17,10,18)(18,10,18)(19,10,18)(20,10,18)(20,10,19)(21,10,19)(22,10,19)(23,10,19)(24,10,19)(25,10,19)(25,10,20)(25,11,20)(25,12,20)(25,13,20)(25,14,20)(25,15,20)(25,16,20)(25,17,20)(25,18,20)(25,19,20)(25,20,20)(25,21,20)(25,22,20)(25,23,20)(25,24,20)(25,24,21)(25,25,21)(25,26,21)(25,27,21)(25,28,21)(25,29,21)(25,30,21)(25,31,21)(25,32,21)(25,33,21)(25,34,21)(25,35,21)(25,35,22)(25,36,22)(25,37,22)(25,38,22)(25,38,23)(25,38,24)(25,37,24)(25,36,24)(25,35,24)(25,34,24)(25,33,24)(25,32,24)(25,31,24)(25,30,24)(25,30,25)(25,30,26)(25,30,27)(25,30,28)(25,29,28)(25,28,28)(25,27,28)(25,26,28)(25,25,28)(25,24,28)(25,23,28)(25,22,28)(25,21,28)(25,20,28)(25,19,28)(25,18,28)(25,17,28)(25,16,28)(25,15,28)(25,14,28)(25,13,28)(25,12,28)(25,11,28)(25,11,29)(25,10,29)(26,10,29)(27,10,29)(28,10,29)(29,10,29)(30,10,29)(31,10,29)(32,10,29)(33,10,29)(34,10,29)(35,10,29)(36,10,29)(37,10,29)(38,10,29)(39,10,29)(40,10,29)(41,10,29)(42,10,29)(43,10,29)(44,10,29)(44,10,30)(44,10,31)(44,10,32)(45,10,32)(45,11,32)(45,12,32)(45,13,32)(45,13,33)(45,14,33)(45,15,33)(45,16,33)(45,17,33)(45,18,33)(45,19,33)(45,20,33)(45,21,33)(45,21,34)(45,22,34)(45,23,34)(45,24,34)(45,25,34)(45,26,34)(45,27,34)(45,27,35)(45,28,35)(45,29,35)(45,30,35)(45,31,35)(45,32,35)(45,33,35)(45,34,35)(45,35,35)(45,36,35)(45,37,35)(45,37,36)(45,37,37)(45,37,38)(45,38,38)(45,39,38)(45,39,39)(45,39,40)(45,39,41)(45,39,42)(45,39,43)(45,39,44)(45,39,45)(45,39,46)(45,39,47)(45,39,48)(45,39,49)
(0, 45, 10) -> (49, 45, 30)
(0,45,10)(0,44,10)(0,43,10)(0,42,10)(1,42,10)(2,42,10)(3,42,10)(4,42,10)(4,41,10)(4,40,10)(4,39,10)(4,38,10)(4,37,10)(4,36,10)(4,35,10)(4,34,10)(4,33,10)(4,32,10)(4,31,10)(4,30,10)(4,29,10)(4,28,10)(4,27,10)(4,26,10)(4,25,10)(4,24,10)(4,23,10)(4,22,10)(4,21,10)(4,20,10)(4,19,10)(4,18,10)(4,17,10)(4,16,10)(4,15,10)(4,14,10)(4,13,10)(4,12,10)(4,11,10)(4,10,10)(4,9,10)(5,9,10)(5,8,10)(5,7,10)(5,6,10)(5,5,10)(5,5,11)(5,5,12)(5,5,13)(5,5,14)(5,5,15)(5,5,16)(5,5,17)(5,5,18)(5,5,19)(5,5,20)(5,5,21)(6,5,21)(6,5,22)(6,5,23)(6,5,24)(6,5,25)(6,5,26)(6,5,27)(6,5,28)(6,5,29)(6,5,30)(6,5,31)(6,5,32)(6,5,33)(6,5,34)(6,5,35)(6,5,36)(6,5,37)(6,5,38)(6,5,39)(6,5,40)(7,5,40)(8,5,40)(9,5,40)(10,5,40)(10,6,40)(10,7,40)(10,8,40)(10,9,40)(10,10,40)(10,11,40)(10,12,40)(11,12,40)(11,13,40)(12,13,40)(13,13,40)(13,14,40)(13,15,40)(13,16,40)(13,17,40)(14,17,40)(14,18,40)(14,19,40)(14,20,40)(14,21,40)(14,22,40)(14,23,40)(14,24,40)(15,24,40)(16,24,40)(17,24,40)(17,25,40)(17,25,39)(17,25,38)(17,25,37)(17,25,36)(17,25,35)(17,25,34)(17,25,33)(17,25,32)(17,25,31)(17,25,30)(17,25,29)(17,25,28)(18,25,28)(19,25,28)(20,25,28)(21,25,28)(22,25,28)(22,25,27)(22,25,26)(22,25,25)(22,25,24)(22,25,23)(22,25,22)(22,25,21)(22,25,20)(22,25,19)(22,25,18)(22,25,17)(22,25,16)(22,25,15)(22,25,14)(22,25,13)(23,25,13)(24,25,13)(25,25,13)(26,25,13)(27,25,13)(27,25,12)(27,26,12)(28,26,12)(28,27,12)(29,27,12)(29,27,13)(30,27,13)(31,27,13)(31,28,13)(31,28,14)(31,29,14)(31,29,15)(31,30,15)(31,30,16)(31,31,16)(31,31,17)(32,31,17)(32,32,17)(32,32,18)(32,33,18)(32,33,19)(32,34,19)(32,34,20)(32,35,20)(32,35,21)(32,36,21)(32,36,22)(32,37,22)(33,37,22)(34,37,22)(34,37,23)(34,38,23)(34,38,24)(34,39,24)(34,39,25)(34,40,25)(35,40,25)(36,40,25)(37,40,25)(37,40,26)(37,41,26)(37,41,27)(37,42,27)(37,42,28)(38,42,28)(38,43,28)(38,43,29)(38,44,29)(38,44,30)(38,45,30)(39,45,30)(40,45,30)(41,45,30)(42,45,30)(43,45,30)(44,45,30)(45,45,30)(46,45,30)(47,45,30)(48,45,30)(49,45,30)
(5, 0, 10) -> (45, 49, 11)
(5,0,10)(5,0,11)(5,0,12)(5,0,13)(5,0,14)(5,1,14)(5,2,14)(5,3,14)(5,4,14)(5,4,15)(5,5,15)(5,6,15)(5,6,16)(5,6,17)(5,6,18)(5,7,18)(5,7,19)(5,7,20)(5,7,21)(5,7,22)(5,7,23)(5,7,24)(5,7,25)(5,7,26)(5,7,27)(5,7,28)(5,7,29)(5,7,30)(5,7,31)(5,7,32)(5,7,33)(5,7,34)(5,7,35)(5,7,36)(5,8,36)(5,9,36)(5,10,36)(5,11,36)(5,11,37)(5,12,37)(5,13,37)(5,14,37)(5,15,37)(5,16,37)(5,17,37)(5,17,38)(5,17,39)(6,17,39)(7,17,39)(7,17,38)(7,18,38)(7,19,38)(7,20,38)(8,20,38)(8,20,37)(9,20,37)(9,20,36)(10,20,36)(10,20,35)(11,20,35)(11,20,34)(12,20,34)(12,20,33)(13,20,33)(13,21,33)(13,21,32)(13,22,32)(14,22,32)(14,22,31)(15,22,31)(15,23,31)(15,23,30)(16,23,30)(16,23,29)(17,23,29)(17,24,29)(17,24,28)(18,24,28)(18,24,27)(18,25,27)(18,26,27)(18,27,27)(19,27,27)(19,27,26)(20,27,26)(20,27,25)(21,27,25)(21,28,25)(21,29,25)(21,30,25)(21,30,24)(22,30,24)(22,30,23)(23,30,23)(23,30,22)(24,30,22)(24,30,21)(25,30,21)(26,30,21)(26,30,22)(26,30,23)(26,30,24)(26,30,25)(26,30,26)(26,30,27)(26,30,28)(26,30,29)(26,31,29)(26,31,30)(26,31,31)(26,31,32)(26,31,33)(26,31,34)(26,31,35)(26,31,36)(26,31,37)(26,31,38)(26,31,39)(26,31,40)(27,31,40)(28,31,40)(28,32,40)(29,32,40)(30,32,40)(31,32,40)(32,32,40)(33,32,40)(34,32,40)(35,32,40)(36,32,40)(37,32,40)(38,32,40)(39,32,40)(40,32,40)(41,32,40)(42,32,40)(43,32,40)(44,32,40)(45,32,40)(45,32,39)(45,32,38)(45,32,37)(45,33,37)(45,33,36)(45,33,35)(45,34,35)(45,35,35)(45,35,34)(45,35,33)(45,35,32)(45,35,31)(45,35,30)(45,35,29)(45,35,28)(45,35,27)(45,35,26)(45,35,25)(45,35,24)(45,35,23)(45,35,22)(45,35,21)(45,35,20)(45,35,19)(45,35,18)(45,36,18)(45,36,17)(45,36,16)(45,36,15)(45,36,14)(45,37,14)(45,38,14)(45,39,14)(45,39,13)(45,39,12)(45,39,11)(45,40,11)(45,41,11)(45,42,11)(45,43,11)(45,44,11)(45,45,11)(45,46,11)(45,47,11)(45,48,11)(45,49,11)
==user2088==
(45, 5, 0) -> (6, 45, 49)
(45,5,0)(44,5,0)(43,5,0)(42,5,0)(41,5,0)(40,5,0)(39,5,0)(38,5,0)(37,5,0)(36,5,0)(35,5,0)(34,5,0)(33,5,0)(32,5,0)(31,5,0)(30,5,0)(29,5,0)(28,5,0)(27,5,0)(26,5,0)(25,5,0)(24,5,0)(24,5,1)(24,5,2)(24,5,3)(24,5,4)(24,5,5)(23,5,5)(23,5,6)(22,5,6)(21,5,6)(20,5,6)(19,5,6)(18,5,6)(17,5,6)(16,5,6)(16,5,7)(15,5,7)(15,5,8)(15,5,9)(14,5,9)(13,5,9)(12,5,9)(11,5,9)(11,5,10)(10,5,10)(9,5,10)(8,5,10)(7,5,10)(6,5,10)(6,6,10)(6,7,10)(7,7,10)(7,8,10)(8,8,10)(8,9,10)(9,9,10)(9,10,10)(10,10,10)(10,11,10)(11,11,10)(11,12,10)(11,12,11)(12,12,11)(12,12,12)(12,12,13)(12,13,13)(13,13,13)(13,14,13)(14,14,13)(14,14,14)(14,14,15)(14,14,16)(14,14,17)(14,14,18)(14,14,19)(14,14,20)(14,15,20)(15,15,20)(15,15,21)(15,15,22)(15,15,23)(15,16,23)(16,16,23)(16,17,23)(17,17,23)(17,18,23)(18,18,23)(18,19,23)(19,19,23)(19,20,23)(20,20,23)(20,21,23)(20,21,24)(20,21,25)(21,21,25)(21,22,25)(22,22,25)(22,23,25)(23,23,25)(23,24,25)(24,24,25)(24,25,25)(25,25,25)(25,26,25)(26,26,25)(26,27,25)(27,27,25)(27,28,25)(28,28,25)(28,29,25)(29,29,25)(29,30,25)(30,30,25)(30,30,26)(30,31,26)(31,31,26)(31,32,26)(32,32,26)(32,32,27)(32,32,28)(32,33,28)(33,33,28)(33,34,28)(34,34,28)(34,35,28)(35,35,28)(35,36,28)(36,36,28)(36,37,28)(37,37,28)(37,38,28)(38,38,28)(38,39,28)(39,39,28)(39,40,28)(40,40,28)(40,41,28)(41,41,28)(41,42,28)(42,42,28)(42,43,28)(43,43,28)(43,44,28)(43,45,28)(42,45,28)(42,45,29)(42,45,30)(42,45,31)(41,45,31)(41,45,32)(41,45,33)(41,45,34)(40,45,34)(39,45,34)(38,45,34)(37,45,34)(36,45,34)(35,45,34)(34,45,34)(33,45,34)(32,45,34)(31,45,34)(30,45,34)(29,45,34)(28,45,34)(27,45,34)(26,45,34)(25,45,34)(24,45,34)(23,45,34)(22,45,34)(21,45,34)(20,45,34)(20,45,35)(19,45,35)(18,45,35)(17,45,35)(17,45,36)(16,45,36)(15,45,36)(14,45,36)(13,45,36)(12,45,36)(11,45,36)(10,45,36)(9,45,36)(8,45,36)(7,45,36)(7,45,37)(7,45,38)(7,45,39)(6,45,39)(6,45,40)(6,45,41)(6,45,42)(6,45,43)(6,45,44)(6,45,45)(6,45,46)(6,45,47)(6,45,48)(6,45,49)
(5, 10, 0) -> (6, 10, 49)
(5,10,0)(5,11,0)(5,12,0)(5,13,0)(5,13,1)(5,13,2)(5,13,3)(5,14,3)(5,15,3)(5,16,3)(5,17,3)(5,18,3)(5,19,3)(5,20,3)(5,21,3)(5,22,3)(5,23,3)(5,24,3)(5,25,3)(5,26,3)(5,27,3)(5,28,3)(5,29,3)(5,30,3)(5,31,3)(5,32,3)(5,32,4)(5,32,5)(5,32,6)(5,33,6)(5,34,6)(5,34,7)(5,35,7)(5,36,7)(5,37,7)(5,38,7)(5,38,8)(5,38,9)(5,38,10)(5,39,10)(5,40,10)(6,40,10)(7,40,10)(8,40,10)(9,40,10)(10,40,10)(10,40,11)(11,40,11)(12,40,11)(13,40,11)(14,40,11)(15,40,11)(15,40,12)(16,40,12)(17,40,12)(18,40,12)(19,40,12)(20,40,12)(21,40,12)(21,40,13)(22,40,13)(23,40,13)(24,40,13)(25,40,13)(26,40,13)(27,40,13)(27,40,14)(28,40,14)(29,40,14)(30,40,14)(31,40,14)(32,40,14)(33,40,14)(33,40,15)(33,40,16)(34,40,16)(35,40,16)(36,40,16)(37,40,16)(38,40,16)(39,40,16)(39,40,17)(40,40,17)(41,40,17)(42,40,17)(43,40,17)(44,40,17)(45,40,17)(45,39,17)(45,38,17)(45,37,17)(45,36,17)(45,35,17)(45,34,17)(45,33,17)(45,32,17)(45,31,17)(45,30,17)(45,29,17)(45,28,17)(45,27,17)(45,26,17)(45,25,17)(45,24,17)(45,23,17)(45,23,18)(45,23,19)(45,22,19)(45,22,20)(45,22,21)(45,22,22)(45,21,22)(45,21,23)(45,21,24)(45,20,24)(45,19,24)(45,18,24)(45,17,24)(45,16,24)(45,15,24)(45,14,24)(45,13,24)(45,12,24)(45,12,25)(45,12,26)(45,11,26)(45,10,26)(44,10,26)(43,10,26)(42,10,26)(41,10,26)(40,10,26)(39,10,26)(38,10,26)(37,10,26)(37,10,27)(37,10,28)(36,10,28)(35,10,28)(35,10,29)(35,10,30)(35,10,31)(35,10,32)(35,10,33)(35,10,34)(35,10,35)(34,10,35)(33,10,35)(32,10,35)(31,10,35)(30,10,35)(29,10,35)(28,10,35)(27,10,35)(26,10,35)(25,10,35)(24,10,35)(23,10,35)(22,10,35)(21,10,35)(20,10,35)(19,10,35)(19,10,36)(19,10,37)(18,10,37)(17,10,37)(16,10,37)(15,10,37)(14,10,37)(13,10,37)(12,10,37)(11,10,37)(10,10,37)(9,10,37)(8,10,37)(7,10,37)(7,10,38)(6,10,38)(6,10,39)(6,10,40)(6,10,41)(6,10,42)(6,10,43)(6,10,44)(6,10,45)(6,10,46)(6,10,47)(6,10,48)(6,10,49)
(0, 5, 39) -> (49, 25, 38)
(0,5,39)(0,5,38)(1,5,38)(1,5,37)(1,5,36)(1,5,35)(1,5,34)(2,5,34)(2,5,33)(2,5,32)(2,5,31)(2,5,30)(2,5,29)(3,5,29)(4,5,29)(4,5,28)(4,5,27)(4,5,26)(4,5,25)(4,5,24)(4,5,23)(4,5,22)(4,5,21)(5,5,21)(6,5,21)(6,5,20)(6,5,19)(6,5,18)(6,5,17)(7,5,17)(8,5,17)(9,5,17)(9,5,16)(9,5,15)(9,5,14)(9,5,13)(9,5,12)(10,5,12)(10,5,11)(10,5,10)(10,6,10)(10,7,10)(10,8,10)(10,9,10)(10,10,10)(10,11,10)(10,12,10)(10,13,10)(10,14,10)(10,15,10)(10,16,10)(10,17,10)(10,18,10)(10,19,10)(11,19,10)(12,19,10)(12,20,10)(12,21,10)(12,22,10)(12,23,10)(12,24,10)(12,25,10)(12,26,10)(12,27,10)(12,28,10)(12,29,10)(12,30,10)(13,30,10)(14,30,10)(15,30,10)(15,31,10)(16,31,10)(17,31,10)(18,31,10)(18,32,10)(18,33,10)(18,34,10)(18,35,10)(18,36,10)(18,37,10)(18,38,10)(19,38,10)(19,39,10)(20,39,10)(21,39,10)(21,40,10)(22,40,10)(22,41,10)(23,41,10)(24,41,10)(25,41,10)(26,41,10)(27,41,10)(28,41,10)(29,41,10)(30,41,10)(30,40,10)(30,39,10)(30,38,10)(30,37,10)(30,36,10)(30,35,10)(30,34,10)(31,34,10)(31,33,10)(31,32,10)(31,31,10)(31,30,10)(31,29,10)(31,28,10)(31,27,10)(31,26,10)(31,25,10)(31,25,11)(32,25,11)(32,25,12)(33,25,12)(34,25,12)(35,25,12)(36,25,12)(37,25,12)(38,25,12)(38,25,13)(38,25,14)(38,25,15)(38,25,16)(38,25,17)(38,25,18)(38,25,19)(38,25,20)(38,25,21)(38,25,22)(38,25,23)(38,25,24)(38,25,25)(38,25,26)(38,25,27)(38,25,28)(38,25,29)(38,25,30)(39,25,30)(39,25,31)(39,25,32)(39,25,33)(39,25,34)(39,25,35)(39,25,36)(39,25,37)(39,25,38)(40,25,38)(41,25,38)(42,25,38)(43,25,38)(44,25,38)(45,25,38)(46,25,38)(47,25,38)(48,25,38)(49,25,38)
(0, 5, 10) -> (49, 45, 11)
(0,5,10)(0,5,11)(0,5,12)(0,5,13)(0,5,14)(1,5,14)(2,5,14)(3,5,14)(4,5,14)(4,5,15)(5,5,15)(6,5,15)(6,5,16)(6,5,17)(6,5,18)(7,5,18)(7,5,19)(7,5,20)(7,5,21)(7,5,22)(7,5,23)(7,5,24)(7,5,25)(7,5,26)(7,5,27)(7,5,28)(7,5,29)(7,5,30)(7,5,31)(7,5,32)(7,5,33)(7,5,34)(7,5,35)(7,5,36)(8,5,36)(9,5,36)(10,5,36)(11,5,36)(11,5,37)(12,5,37)(13,5,37)(14,5,37)(15,5,37)(16,5,37)(17,5,37)(17,5,38)(17,5,39)(17,6,39)(17,7,39)(17,7,38)(18,7,38)(19,7,38)(20,7,38)(20,8,38)(20,8,37)(20,9,37)(20,9,36)(20,10,36)(20,10,35)(20,11,35)(20,11,34)(20,12,34)(20,12,33)(20,13,33)(21,13,33)(21,13,32)(22,13,32)(22,14,32)(22,14,31)(22,15,31)(23,15,31)(23,15,30)(23,16,30)(23,16,29)(23,17,29)(24,17,29)(24,17,28)(24,18,28)(24,18,27)(25,18,27)(26,18,27)(27,18,27)(27,19,27)(27,19,26)(27,20,26)(27,20,25)(27,21,25)(28,21,25)(29,21,25)(30,21,25)(30,21,24)(30,22,24)(30,22,23)(30,23,23)(30,23,22)(30,24,22)(30,24,21)(30,25,21)(30,26,21)(30,26,22)(30,26,23)(30,26,24)(30,26,25)(30,26,26)(30,26,27)(30,26,28)(30,26,29)(31,26,29)(31,26,30)(31,26,31)(31,26,32)(31,26,33)(31,26,34)(31,26,35)(31,26,36)(31,26,37)(31,26,38)(31,26,39)(31,26,40)(31,27,40)(31,28,40)(32,28,40)(32,29,40)(32,30,40)(32,31,40)(32,32,40)(32,33,40)(32,34,40)(32,35,40)(32,36,40)(32,37,40)(32,38,40)(32,39,40)(32,40,40)(32,41,40)(32,42,40)(32,43,40)(32,44,40)(32,45,40)(32,45,39)(32,45,38)(32,45,37)(33,45,37)(33,45,36)(33,45,35)(34,45,35)(35,45,35)(35,45,34)(35,45,33)(35,45,32)(35,45,31)(35,45,30)(35,45,29)(35,45,28)(35,45,27)(35,45,26)(35,45,25)(35,45,24)(35,45,23)(35,45,22)(35,45,21)(35,45,20)(35,45,19)(35,45,18)(36,45,18)(36,45,17)(36,45,16)(36,45,15)(36,45,14)(37,45,14)(38,45,14)(39,45,14)(39,45,13)(39,45,12)(39,45,11)(40,45,11)(41,45,11)(42,45,11)(43,45,11)(44,45,11)(45,45,11)(46,45,11)(47,45,11)(48,45,11)(49,45,11)
(40, 10, 0) -> (44, 40, 49)
(40,10,0)(39,10,0)(39,10,1)(39,10,2)(39,10,3)(39,10,4)(39,10,5)(39,10,6)(38,10,6)(37,10,6)(36,10,6)(36,10,7)(35,10,7)(34,10,7)(33,10,7)(32,10,7)(31,10,7)(30,10,7)(29,10,7)(28,10,7)(27,10,7)(26,10,7)(25,10,7)(25,11,7)(25,12,7)(25,13,7)(25,14,7)(25,15,7)(25,16,7)(25,17,7)(25,18,7)(25,19,7)(25,20,7)(25,21,7)(25,22,7)(25,23,7)(25,24,7)(25,25,7)(25,25,8)(25,26,8)(25,27,8)(25,28,8)(25,29,8)(25,30,8)(25,31,8)(25,32,8)(25,33,8)(25,34,8)(25,35,8)(25,36,8)(25,37,8)(25,38,8)(25,39,8)(25,40,8)(25,40,9)(25,40,10)(25,40,11)(24,40,11)(23,40,11)(22,40,11)(21,40,11)(20,40,11)(19,40,11)(19,40,12)(19,40,13)(18,40,13)(17,40,13)(16,40,13)(15,40,13)(14,40,13)(13,40,13)(12,40,13)(11,40,13)(10,40,13)(9,40,13)(8,40,13)(7,40,13)(6,40,13)(6,40,14)(5,40,14)(5,39,14)(5,38,14)(5,38,15)(5,38,16)(5,38,17)(5,38,18)(5,37,18)(5,36,18)(5,35,18)(5,34,18)(5,33,18)(5,32,18)(5,31,18)(5,30,18)(5,29,18)(5,28,18)(5,28,19)(5,27,19)(5,26,19)(5,25,19)(5,25,20)(5,24,20)(5,23,20)(5,22,20)(5,21,20)(5,20,20)(5,19,20)(5,18,20)(5,17,20)(5,16,20)(5,15,20)(5,14,20)(5,13,20)(5,12,20)(5,11,20)(5,10,20)(6,10,20)(7,10,20)(8,10,20)(9,10,20)(10,10,20)(11,10,20)(12,10,20)(13,10,20)(14,10,20)(15,10,20)(16,10,20)(17,10,20)(18,10,20)(19,10,20)(20,10,20)(21,10,20)(22,10,20)(23,10,20)(24,10,20)(25,10,20)(25,11,20)(25,12,20)(25,13,20)(25,14,20)(25,15,20)(25,16,20)(25,17,20)(25,18,20)(25,19,20)(25,20,20)(25,21,20)(25,22,20)(25,23,20)(25,24,20)(25,24,21)(25,25,21)(25,26,21)(25,27,21)(25,27,22)(25,28,22)(25,29,22)(25,30,22)(25,30,23)(25,30,24)(25,30,25)(25,30,26)(25,30,27)(25,30,28)(25,31,28)(25,31,29)(25,31,30)(25,32,30)(25,33,30)(25,34,30)(25,35,30)(25,36,30)(25,37,30)(25,38,30)(25,39,30)(25,40,30)(26,40,30)(27,40,30)(28,40,30)(29,40,30)(30,40,30)(30,40,31)(30,40,32)(31,40,32)(32,40,32)(33,40,32)(34,40,32)(35,40,32)(36,40,32)(36,40,33)(37,40,33)(38,40,33)(39,40,33)(40,40,33)(40,40,34)(40,40,35)(40,40,36)(40,40,37)(40,40,38)(41,40,38)(42,40,38)(43,40,38)(44,40,38)(44,40,39)(44,40,40)(44,40,41)(44,40,42)(44,40,43)(44,40,44)(44,40,45)(44,40,46)(44,40,47)(44,40,48)(44,40,49)
(45, 0, 10) -> (45, 49, 30)
(45,0,10)(44,0,10)(43,0,10)(42,0,10)(42,1,10)(42,2,10)(42,3,10)(42,4,10)(41,4,10)(40,4,10)(39,4,10)(38,4,10)(37,4,10)(36,4,10)(35,4,10)(34,4,10)(33,4,10)(32,4,10)(31,4,10)(30,4,10)(29,4,10)(28,4,10)(27,4,10)(26,4,10)(25,4,10)(24,4,10)(23,4,10)(22,4,10)(21,4,10)(20,4,10)(19,4,10)(18,4,10)(17,4,10)(16,4,10)(15,4,10)(14,4,10)(13,4,10)(12,4,10)(11,4,10)(10,4,10)(9,4,10)(9,5,10)(8,5,10)(7,5,10)(6,5,10)(5,5,10)(5,5,11)(5,5,12)(5,5,13)(5,5,14)(5,5,15)(5,5,16)(5,5,17)(5,5,18)(5,5,19)(5,5,20)(5,5,21)(5,6,21)(5,6,22)(5,6,23)(5,6,24)(5,6,25)(5,6,26)(5,6,27)(5,6,28)(5,6,29)(5,6,30)(5,6,31)(5,6,32)(5,6,33)(5,6,34)(5,6,35)(5,6,36)(5,6,37)(5,6,38)(5,6,39)(5,6,40)(5,7,40)(5,8,40)(5,9,40)(5,10,40)(6,10,40)(7,10,40)(8,10,40)(9,10,40)(10,10,40)(11,10,40)(12,10,40)(12,11,40)(13,11,40)(13,12,40)(13,13,40)(14,13,40)(15,13,40)(16,13,40)(17,13,40)(17,14,40)(18,14,40)(19,14,40)(20,14,40)(21,14,40)(22,14,40)(23,14,40)(24,14,40)(24,15,40)(24,16,40)(24,17,40)(25,17,40)(25,17,39)(25,17,38)(25,17,37)(25,17,36)(25,17,35)(25,17,34)(25,17,33)(25,17,32)(25,17,31)(25,17,30)(25,17,29)(25,17,28)(25,18,28)(25,19,28)(25,20,28)(25,21,28)(25,22,28)(25,22,27)(25,22,26)(25,22,25)(25,22,24)(25,22,23)(25,22,22)(25,22,21)(25,22,20)(25,22,19)(25,22,18)(25,22,17)(25,22,16)(25,22,15)(25,22,14)(25,22,13)(25,23,13)(25,24,13)(25,25,13)(25,26,13)(25,27,13)(25,27,12)(26,27,12)(26,28,12)(27,28,12)(27,29,12)(27,29,13)(27,30,13)(27,31,13)(28,31,13)(28,31,14)(29,31,14)(29,31,15)(30,31,15)(30,31,16)(31,31,16)(31,31,17)(31,32,17)(32,32,17)(32,32,18)(33,32,18)(33,32,19)(34,32,19)(34,32,20)(35,32,20)(35,32,21)(36,32,21)(36,32,22)(37,32,22)(37,33,22)(37,34,22)(37,34,23)(38,34,23)(38,34,24)(39,34,24)(39,34,25)(40,34,25)(40,35,25)(40,36,25)(40,37,25)(40,37,26)(41,37,26)(41,37,27)(42,37,27)(42,37,28)(42,38,28)(43,38,28)(43,38,29)(44,38,29)(44,38,30)(45,38,30)(45,39,30)(45,40,30)(45,41,30)(45,42,30)(45,43,30)(45,44,30)(45,45,30)(45,46,30)(45,47,30)(45,48,30)(45,49,30)
(45, 5, 0) -> (6, 45, 49)
(45,5,0)(44,5,0)(43,5,0)(42,5,0)(41,5,0)(40,5,0)(39,5,0)(38,5,0)(37,5,0)(36,5,0)(35,5,0)(34,5,0)(33,5,0)(32,5,0)(31,5,0)(30,5,0)(29,5,0)(28,5,0)(27,5,0)(26,5,0)(25,5,0)(24,5,0)(24,5,1)(24,5,2)(24,5,3)(24,5,4)(24,5,5)(23,5,5)(23,5,6)(22,5,6)(21,5,6)(20,5,6)(19,5,6)(18,5,6)(17,5,6)(16,5,6)(16,5,7)(15,5,7)(15,5,8)(15,5,9)(14,5,9)(13,5,9)(12,5,9)(11,5,9)(11,5,10)(10,5,10)(9,5,10)(8,5,10)(7,5,10)(6,5,10)(6,6,10)(6,7,10)(7,7,10)(7,8,10)(8,8,10)(8,9,10)(9,9,10)(9,10,10)(10,10,10)(10,11,10)(11,11,10)(11,12,10)(11,12,11)(12,12,11)(12,12,12)(12,12,13)(12,13,13)(13,13,13)(13,14,13)(14,14,13)(14,14,14)(14,14,15)(14,14,16)(14,14,17)(14,14,18)(14,14,19)(14,14,20)(14,15,20)(15,15,20)(15,15,21)(15,15,22)(15,15,23)(15,16,23)(16,16,23)(16,17,23)(17,17,23)(17,18,23)(18,18,23)(18,19,23)(19,19,23)(19,20,23)(20,20,23)(20,21,23)(20,21,24)(20,21,25)(21,21,25)(21,22,25)(22,22,25)(22,23,25)(23,23,25)(23,24,25)(24,24,25)(24,25,25)(25,25,25)(25,26,25)(26,26,25)(26,27,25)(27,27,25)(27,28,25)(28,28,25)(28,29,25)(29,29,25)(29,30,25)(30,30,25)(30,30,26)(30,31,26)(31,31,26)(31,32,26)(32,32,26)(32,32,27)(32,32,28)(32,33,28)(33,33,28)(33,34,28)(34,34,28)(34,35,28)(35,35,28)(35,36,28)(36,36,28)(36,37,28)(37,37,28)(37,38,28)(38,38,28)(38,39,28)(39,39,28)(39,40,28)(40,40,28)(40,41,28)(41,41,28)(41,42,28)(42,42,28)(42,43,28)(43,43,28)(43,44,28)(43,45,28)(42,45,28)(42,45,29)(42,45,30)(42,45,31)(41,45,31)(41,45,32)(41,45,33)(41,45,34)(40,45,34)(39,45,34)(38,45,34)(37,45,34)(36,45,34)(35,45,34)(34,45,34)(33,45,34)(32,45,34)(31,45,34)(30,45,34)(29,45,34)(28,45,34)(27,45,34)(26,45,34)(25,45,34)(24,45,34)(23,45,34)(22,45,34)(21,45,34)(20,45,34)(20,45,35)(19,45,35)(18,45,35)(17,45,35)(17,45,36)(16,45,36)(15,45,36)(14,45,36)(13,45,36)(12,45,36)(11,45,36)(10,45,36)(9,45,36)(8,45,36)(7,45,36)(7,45,37)(7,45,38)(7,45,39)(6,45,39)(6,45,40)(6,45,41)(6,45,42)(6,45,43)(6,45,44)(6,45,45)(6,45,46)(6,45,47)(6,45,48)(6,45,49)
(5, 10, 0) -> (6, 10, 49)
(5,10,0)(5,11,0)(5,12,0)(5,13,0)(5,13,1)(5,13,2)(5,13,3)(5,14,3)(5,15,3)(5,16,3)(5,17,3)(5,18,3)(5,19,3)(5,20,3)(5,21,3)(5,22,3)(5,23,3)(5,24,3)(5,25,3)(5,26,3)(5,27,3)(5,28,3)(5,29,3)(5,30,3)(5,31,3)(5,32,3)(5,32,4)(5,32,5)(5,32,6)(5,33,6)(5,34,6)(5,34,7)(5,35,7)(5,36,7)(5,37,7)(5,38,7)(5,38,8)(5,38,9)(5,38,10)(5,39,10)(5,40,10)(6,40,10)(7,40,10)(8,40,10)(9,40,10)(10,40,10)(10,40,11)(11,40,11)(12,40,11)(13,40,11)(14,40,11)(15,40,11)(15,40,12)(16,40,12)(17,40,12)(18,40,12)(19,40,12)(20,40,12)(21,40,12)(21,40,13)(22,40,13)(23,40,13)(24,40,13)(25,40,13)(26,40,13)(27,40,13)(27,40,14)(28,40,14)(29,40,14)(30,40,14)(31,40,14)(32,40,14)(33,40,14)(33,40,15)(33,40,16)(34,40,16)(35,40,16)(36,40,16)(37,40,16)(38,40,16)(39,40,16)(39,40,17)(40,40,17)(41,40,17)(42,40,17)(43,40,17)(44,40,17)(45,40,17)(45,39,17)(45,38,17)(45,37,17)(45,36,17)(45,35,17)(45,34,17)(45,33,17)(45,32,17)(45,31,17)(45,30,17)(45,29,17)(45,28,17)(45,27,17)(45,26,17)(45,25,17)(45,24,17)(45,23,17)(45,23,18)(45,23,19)(45,22,19)(45,22,20)(45,22,21)(45,22,22)(45,21,22)(45,21,23)(45,21,24)(45,20,24)(45,19,24)(45,18,24)(45,17,24)(45,16,24)(45,15,24)(45,14,24)(45,13,24)(45,12,24)(45,12,25)(45,12,26)(45,11,26)(45,10,26)(44,10,26)(43,10,26)(42,10,26)(41,10,26)(40,10,26)(39,10,26)(38,10,26)(37,10,26)(37,10,27)(37,10,28)(36,10,28)(35,10,28)(35,10,29)(35,10,30)(35,10,31)(35,10,32)(35,10,33)(35,10,34)(35,10,35)(34,10,35)(33,10,35)(32,10,35)(31,10,35)(30,10,35)(29,10,35)(28,10,35)(27,10,35)(26,10,35)(25,10,35)(24,10,35)(23,10,35)(22,10,35)(21,10,35)(20,10,35)(19,10,35)(19,10,36)(19,10,37)(18,10,37)(17,10,37)(16,10,37)(15,10,37)(14,10,37)(13,10,37)(12,10,37)(11,10,37)(10,10,37)(9,10,37)(8,10,37)(7,10,37)(7,10,38)(6,10,38)(6,10,39)(6,10,40)(6,10,41)(6,10,42)(6,10,43)(6,10,44)(6,10,45)(6,10,46)(6,10,47)(6,10,48)(6,10,49)
(5, 0, 10) -> (45, 49, 11)
(5,0,10)(5,0,11)(5,0,12)(5,0,13)(5,0,14)(5,1,14)(5,2,14)(5,3,14)(5,4,14)(5,4,15)(5,5,15)(5,6,15)(5,6,16)(5,6,17)(5,6,18)(5,7,18)(5,7,19)(5,7,20)(5,7,21)(5,7,22)(5,7,23)(5,7,24)(5,7,25)(5,7,26)(5,7,27)(5,7,28)(5,7,29)(5,7,30)(5,7,31)(5,7,32)(5,7,33)(5,7,34)(5,7,35)(5,7,36)(5,8,36)(5,9,36)(5,10,36)(5,11,36)(5,11,37)(5,12,37)(5,13,37)(5,14,37)(5,15,37)(5,16,37)(5,17,37)(5,17,38)(5,17,39)(6,17,39)(7,17,39)(7,17,38)(7,18,38)(7,19,38)(7,20,38)(8,20,38)(8,20,37)(9,20,37)(9,20,36)(10,20,36)(10,20,35)(11,20,35)(11,20,34)(12,20,34)(12,20,33)(13,20,33)(13,21,33)(13,21,32)(13,22,32)(14,22,32)(14,22,31)(15,22,31)(15,23,31)(15,23,30)(16,23,30)(16,23,29)(17,23,29)(17,24,29)(17,24,28)(18,24,28)(18,24,27)(18,25,27)(18,26,27)(18,27,27)(19,27,27)(19,27,26)(20,27,26)(20,27,25)(21,27,25)(21,28,25)(21,29,25)(21,30,25)(21,30,24)(22,30,24)(22,30,23)(23,30,23)(23,30,22)(24,30,22)(24,30,21)(25,30,21)(26,30,21)(26,30,22)(26,30,23)(26,30,24)(26,30,25)(26,30,26)(26,30,27)(26,30,28)(26,30,29)(26,31,29)(26,31,30)(26,31,31)(26,31,32)(26,31,33)(26,31,34)(26,31,35)(26,31,36)(26,31,37)(26,31,38)(26,31,39)(26,31,40)(27,31,40)(28,31,40)(28,32,40)(29,32,40)(30,32,40)(31,32,40)(32,32,40)(33,32,40)(34,32,40)(35,32,40)(36,32,40)(37,32,40)(38,32,40)(39,32,40)(40,32,40)(41,32,40)(42,32,40)(43,32,40)(44,32,40)(45,32,40)(45,32,39)(45,32,38)(45,32,37)(45,33,37)(45,33,36)(45,33,35)(45,34,35)(45,35,35)(45,35,34)(45,35,33)(45,35,32)(45,35,31)(45,35,30)(45,35,29)(45,35,28)(45,35,27)(45,35,26)(45,35,25)(45,35,24)(45,35,23)(45,35,22)(45,35,21)(45,35,20)(45,35,19)(45,35,18)(45,36,18)(45,36,17)(45,36,16)(45,36,15)(45,36,14)(45,37,14)(45,38,14)(45,39,14)(45,39,13)(45,39,12)(45,39,11)(45,40,11)(45,41,11)(45,42,11)(45,43,11)(45,44,11)(45,45,11)(45,46,11)(45,47,11)(45,48,11)(45,49,11)
(0, 5, 5) -> (49, 44, 5)
(0,5,5)(0,6,5)(0,6,6)(1,6,6)(2,6,6)(3,6,6)(4,6,6)(4,7,6)(4,7,7)(4,8,7)(4,8,8)(4,9,8)(4,9,9)(4,10,9)(4,10,10)(4,11,10)(4,11,11)(4,12,11)(4,12,12)(4,13,12)(4,13,13)(4,14,13)(4,14,14)(4,15,14)(4,15,15)(4,16,15)(4,16,16)(4,17,16)(4,17,17)(5,17,17)(6,17,17)(6,18,17)(6,18,18)(6,19,18)(6,19,19)(6,20,19)(6,20,20)(6,21,20)(6,21,21)(6,22,21)(6,22,22)(6,23,22)(6,23,23)(6,24,23)(6,24,24)(6,25,24)(6,25,25)(6,26,25)(6,26,26)(6,27,26)(6,27,27)(6,28,27)(7,28,27)(7,28,28)(7,29,28)(7,29,29)(7,30,29)(7,30,30)(7,31,30)(7,31,31)(7,32,31)(7,32,32)(7,33,32)(7,33,33)(7,34,33)(8,34,33)(8,34,34)(8,35,34)(8,35,35)(8,36,35)(8,36,36)(8,37,36)(9,37,36)(10,37,36)(10,37,37)(10,38,37)(10,38,38)(10,39,38)(11,39,38)(11,39,39)(11,39,40)(12,39,40)(13,39,40)(14,39,40)(14,39,39)(14,38,39)(14,38,38)(14,37,38)(14,37,37)(14,36,37)(14,36,36)(14,35,36)(14,35,35)(14,34,35)(14,34,34)(14,33,34)(14,33,33)(14,32,33)(14,32,32)(14,31,32)(14,31,31)(14,30,31)(14,30,30)(14,29,30)(14,29,29)(14,28,29)(14,28,28)(14,27,28)(14,27,27)(14,26,27)(14,26,26)(14,25,26)(14,24,26)(14,24,27)(15,24,27)(16,24,27)(16,23,27)(16,23,28)(16,22,28)(16,22,29)(16,21,29)(16,21,30)(16,20,30)(16,20,31)(16,19,31)(16,19,32)(16,18,32)(16,18,33)(17,18,33)(17,17,33)(17,17,34)(17,16,34)(17,16,35)(17,15,35)(17,15,36)(17,14,36)(17,14,37)(17,13,37)(17,13,38)(17,12,38)(18,12,38)(19,12,38)(20,12,38)(20,12,39)(20,11,39)(20,11,40)(20,10,40)(20,10,41)(21,10,41)(21,9,41)(22,9,41)(22,9,40)(22,10,40)(22,10,39)(22,11,39)(22,11,38)(22,12,38)(22,12,37)(22,13,37)(22,13,36)(22,14,36)(22,14,35)(22,15,35)(22,15,34)(22,16,34)(22,16,33)(22,17,33)(22,17,32)(22,18,32)(23,18,32)(24,18,32)(25,18,32)(26,18,32)(26,18,31)(26,19,31)(26,19,30)(26,20,30)(26,20,29)(26,21,29)(26,21,28)(26,22,28)(26,22,27)(26,23,27)(26,23,26)(26,24,26)(26,24,25)(27,24,25)(28,24,25)(29,24,25)(30,24,25)(30,25,25)(30,25,24)(30,26,24)(30,26,23)(30,27,23)(30,27,22)(30,28,22)(30,28,21)(31,28,21)(32,28,21)(33,28,21)(33,29,21)(34,29,21)(34,29,20)(34,30,20)(34,30,19)(34,31,19)(34,31,18)(34,32,18)(34,32,17)(34,33,17)(34,33,16)(35,33,16)(36,33,16)(36,34,16)(36,34,15)(36,35,15)(36,35,14)(36,36,14)(36,36,13)(37,36,13)(37,37,13)(37,37,12)(37,38,12)(37,38,11)(37,39,11)(37,39,10)(37,40,10)(37,40,9)(37,41,9)(37,41,8)(37,42,8)(37,42,7)(37,43,7)(37,43,6)(38,43,6)(38,44,6)(38,44,5)(39,44,5)(40,44,5)(41,44,5)(42,44,5)(43,44,5)(44,44,5)(45,44,5)(46,44,5)(47,44,5)(48,44,5)(49,44,5)
(0, 5, 25) -> (49, 44, 25)
(0,5,25)(0,6,25)(1,6,25)(1,7,25)(1,8,25)(1,9,25)(2,9,25)(2,10,25)(3,10,25)(3,11,25)(3,12,25)(3,13,25)(3,14,25)(3,15,25)(3,16,25)(3,17,25)(3,18,25)(4,18,25)(5,18,25)(6,18,25)(7,18,25)(8,18,25)(9,18,25)(10,18,25)(10,19,25)(11,19,25)(12,19,25)(13,19,25)(14,19,25)(14,20,25)(14,21,25)(15,21,25)(15,22,25)(16,22,25)(16,23,25)(16,24,25)(16,25,25)(16,26,25)(17,26,25)(18,26,25)(19,26,25)(20,26,25)(20,27,25)(20,28,25)(20,29,25)(20,30,25)(20,31,25)(21,31,25)(22,31,25)(22,32,25)(23,32,25)(24,32,25)(25,32,25)(26,32,25)(27,32,25)(28,32,25)(28,33,25)(28,34,25)(28,35,25)(29,35,25)(30,35,25)(31,35,25)(32,35,25)(33,35,25)(33,36,25)(34,36,25)(35,36,25)(36,36,25)(37,36,25)(37,37,25)(37,38,25)(37,39,25)(37,40,25)(38,40,25)(38,41,25)(38,42,25)(38,43,25)(39,43,25)(39,44,25)(40,44,25)(41,44,25)(42,44,25)(43,44,25)(44,44,25)(45,44,25)(46,44,25)(47,44,25)(48,44,25)(49,44,25)
(10, 0, 5) -> (39, 49, 25)
(10,0,5)(10,0,6)(10,0,7)(10,0,8)(10,0,9)(10,0,10)(10,0,11)(10,0,12)(10,0,13)(10,0,14)(10,0,15)(10,0,16)(10,0,17)(10,1,17)(10,1,18)(10,1,19)(10,2,19)(10,2,20)(10,2,21)(10,3,21)(10,3,22)(10,3,23)(10,4,23)(10,4,24)(10,4,25)(10,4,26)(10,4,27)(10,4,28)(10,5,28)(10,6,28)(10,6,29)(10,6,30)(10,6,31)(10,6,32)(10,6,33)(10,6,34)(10,7,34)(10,7,35)(10,7,36)(10,7,37)(10,7,38)(10,7,39)(10,7,40)(10,8,40)(10,9,40)(10,10,40)(10,11,40)(10,11,41)(10,11,42)(10,12,42)(10,13,42)(10,14,42)(10,15,42)(10,15,43)(10,15,44)(10,15,45)(10,16,45)(10,17,45)(10,18,45)(10,18,44)(10,18,43)(10,18,42)(10,18,41)(10,18,40)(10,18,39)(10,18,38)(10,18,37)(10,18,36)(10,18,35)(10,18,34)(10,18,33)(10,18,32)(10,19,32)(10,19,31)(10,19,30)(10,19,29)(10,19,28)(10,19,27)(10,20,27)(10,21,27)(10,22,27)(10,22,26)(10,22,25)(11,22,25)(12,22,25)(13,22,25)(14,22,25)(15,22,25)(16,22,25)(17,22,25)(18,22,25)(19,22,25)(20,22,25)(20,23,25)(20,24,25)(21,24,25)(22,24,25)(22,25,25)(22,26,25)(22,27,25)(22,28,25)(23,28,25)(23,29,25)(24,29,25)(24,30,25)(24,31,25)(25,31,25)(26,31,25)(27,31,25)(28,31,25)(28,32,25)(28,33,25)(28,34,25)(29,34,25)(30,34,25)(31,34,25)(32,34,25)(32,35,25)(32,36,25)(32,37,25)(33,37,25)(34,37,25)(35,37,25)(36,37,25)(37,37,25)(38,37,25)(39,37,25)(39,38,25)(39,39,25)(39,40,25)(39,41,25)(39,42,25)(39,43,25)(39,44,25)(39,45,25)(39,46,25)(39,47,25)(39,48,25)(39,49,25)
(5, 0, 10) -> (44, 49, 40)
(5,0,10)(6,0,10)(7,0,10)(7,1,10)(8,1,10)(8,2,10)(9,2,10)(10,2,10)(11,2,10)(12,2,10)(13,2,10)(14,2,10)(15,2,10)(16,2,10)(17,2,10)(18,2,10)(19,2,10)(20,2,10)(21,2,10)(22,2,10)(23,2,10)(24,2,10)(25,2,10)(25,3,10)(26,3,10)(27,3,10)(27,4,10)(28,4,10)(29,4,10)(30,4,10)(31,4,10)(32,4,10)(33,4,10)(34,4,10)(35,4,10)(36,4,10)(37,4,10)(38,4,10)(39,4,10)(40,4,10)(41,4,10)(41,5,10)(41,6,10)(41,7,10)(41,8,10)(41,9,10)(41,10,10)(41,11,10)(41,12,10)(40,12,10)(40,13,10)(40,14,10)(39,14,10)(38,14,10)(37,14,10)(36,14,10)(35,14,10)(34,14,10)(33,14,10)(32,14,10)(32,15,10)(32,16,10)(32,17,10)(32,18,10)(31,18,10)(30,18,10)(29,18,10)(29,19,10)(29,20,10)(29,21,10)(28,21,10)(27,21,10)(26,21,10)(25,21,10)(25,21,11)(25,21,12)(25,21,13)(25,21,14)(25,21,15)(25,21,16)(25,21,17)(25,21,18)(25,22,18)(25,22,19)(25,22,20)(25,22,21)(25,22,22)(25,22,23)(25,22,24)(25,22,25)(25,22,26)(25,22,27)(25,22,28)(25,23,28)(25,24,28)(25,25,28)(25,26,28)(25,26,29)(25,26,30)(25,26,31)(25,27,31)(25,28,31)(25,28,32)(25,28,33)(25,28,34)(25,29,34)(25,30,34)(25,31,34)(25,32,34)(25,33,34)(25,34,34)(25,34,35)(25,34,36)(25,34,37)(25,35,37)(25,35,38)(25,35,39)(25,35,40)(24,35,40)(23,35,40)(22,35,40)(21,35,40)(20,35,40)(19,35,40)(18,35,40)(17,35,40)(16,35,40)(15,35,40)(14,35,40)(13,35,40)(12,35,40)(11,35,40)(11,36,40)(10,36,40)(10,37,40)(10,38,40)(11,38,40)(12,38,40)(13,38,40)(14,38,40)(15,38,40)(16,38,40)(17,38,40)(18,38,40)(18,39,40)(19,39,40)(20,39,40)(21,39,40)(22,39,40)(23,39,40)(24,39,40)(25,39,40)(26,39,40)(27,39,40)(28,39,40)(29,39,40)(30,39,40)(31,39,40)(32,39,40)(33,39,40)(34,39,40)(35,39,40)(36,39,40)(37,39,40)(38,39,40)(39,39,40)(40,39,40)(41,39,40)(42,39,40)(43,39,40)(44,39,40)(44,40,40)(44,41,40)(44,42,40)(44,43,40)(44,44,40)(44,45,40)(44,46,40)(44,47,40)(44,48,40)(44,49,40)
(5, 39, 0) -> (45, 39, 49)
(5,39,0)(5,38,0)(5,37,0)(5,36,0)(5,35,0)(5,34,0)(5,33,0)(5,32,0)(5,31,0)(5,30,0)(5,29,0)(5,29,1)(5,29,2)(5,28,2)(5,27,2)(5,26,2)(5,25,2)(5,24,2)(5,24,3)(5,24,4)(5,24,5)(5,24,6)(5,23,6)(5,22,6)(5,22,7)(5,22,8)(5,21,8)(5,21,9)(5,21,10)(5,20,10)(5,19,10)(5,18,10)(5,18,11)(5,18,12)(5,18,13)(5,17,13)(5,16,13)(5,15,13)(5,14,13)(5,13,13)(5,12,13)(5,11,13)(5,10,13)(5,10,14)(5,10,15)(5,10,16)(5,10,17)(6,10,17)(7,10,17)(8,10,17)(9,10,17)(10,10,17)(11,10,17)(12,10,17)(13,10,17)(14,10,17)(15,10,17)(15,10,18)(16,10,18)(17,10,18)(18,10,18)(19,10,18)(20,10,18)(20,10,19)(21,10,19)(22,10,19)(23,10,19)(24,10,19)(25,10,19)(25,10,20)(25,11,20)(25,12,20)(25,13,20)(25,14,20)(25,15,20)(25,16,20)(25,17,20)(25,18,20)(25,19,20)(25,20,20)(25,21,20)(25,22,20)(25,23,20)(25,24,20)(25,24,21)(25,25,21)(25,26,21)(25,27,21)(25,28,21)(25,29,21)(25,30,21)(25,31,21)(25,32,21)(25,33,21)(25,34,21)(25,35,21)(25,35,22)(25,36,22)(25,37,22)(25,38,22)(25,38,23)(25,38,24)(25,37,24)(25,36,24)(25,35,24)(25,34,24)(25,33,24)(25,32,24)(25,31,24)(25,30,24)(25,30,25)(25,30,26)(25,30,27)(25,30,28)(25,29,28)(25,28,28)(25,27,28)(25,26,28)(25,25,28)(25,24,28)(25,23,28)(25,22,28)(25,21,28)(25,20,28)(25,19,28)(25,18,28)(25,17,28)(25,16,28)(25,15,28)(25,14,28)(25,13,28)(25,12,28)(25,11,28)(25,11,29)(25,10,29)(26,10,29)(27,10,29)(28,10,29)(29,10,29)(30,10,29)(31,10,29)(32,10,29)(33,10,29)(34,10,29)(35,10,29)(36,10,29)(37,10,29)(38,10,29)(39,10,29)(40,10,29)(41,10,29)(42,10,29)(43,10,29)(44,10,29)(44,10,30)(44,10,31)(44,10,32)(45,10,32)(45,11,32)(45,12,32)(45,13,32)(45,13,33)(45,14,33)(45,15,33)(45,16,33)(45,17,33)(45,18,33)(45,19,33)(45,20,33)(45,21,33)(45,21,34)(45,22,34)(45,23,34)(45,24,34)(45,25,34)(45,26,34)(45,27,34)(45,27,35)(45,28,35)(45,29,35)(45,30,35)(45,31,35)(45,32,35)(45,33,35)(45,34,35)(45,35,35)(45,36,35)(45,37,35)(45,37,36)(45,37,37)(45,37,38)(45,38,38)(45,39,38)(45,39,39)(45,39,40)(45,39,41)(45,39,42)(45,39,43)(45,39,44)(45,39,45)(45,39,46)(45,39,47)(45,39,48)(45,39,49)
(45, 0, 10) -> (45, 49, 30)
(45,0,10)(44,0,10)(43,0,10)(42,0,10)(42,1,10)(42,2,10)(42,3,10)(42,4,10)(41,4,10)(40,4,10)(39,4,10)(38,4,10)(37,4,10)(36,4,10)(35,4,10)(34,4,10)(33,4,10)(32,4,10)(31,4,10)(30,4,10)(29,4,10)(28,4,10)(27,4,10)(26,4,10)(25,4,10)(24,4,10)(23,4,10)(22,4,10)(21,4,10)(20,4,10)(19,4,10)(18,4,10)(17,4,10)(16,4,10)(15,4,10)(14,4,10)(13,4,10)(12,4,10)(11,4,10)(10,4,10)(9,4,10)(9,5,10)(8,5,10)(7,5,10)(6,5,10)(5,5,10)(5,5,11)(5,5,12)(5,5,13)(5,5,14)(5,5,15)(5,5,16)(5,5,17)(5,5,18)(5,5,19)(5,5,20)(5,5,21)(5,6,21)(5,6,22)(5,6,23)(5,6,24)(5,6,25)(5,6,26)(5,6,27)(5,6,28)(5,6,29)(5,6,30)(5,6,31)(5,6,32)(5,6,33)(5,6,34)(5,6,35)(5,6,36)(5,6,37)(5,6,38)(5,6,39)(5,6,40)(5,7,40)(5,8,40)(5,9,40)(5,10,40)(6,10,40)(7,10,40)(8,10,40)(9,10,40)(10,10,40)(11,10,40)(12,10,40)(12,11,40)(13,11,40)(13,12,40)(13,13,40)(14,13,40)(15,13,40)(16,13,40)(17,13,40)(17,14,40)(18,14,40)(19,14,40)(20,14,40)(21,14,40)(22,14,40)(23,14,40)(24,14,40)(24,15,40)(24,16,40)(24,17,40)(25,17,40)(25,17,39)(25,17,38)(25,17,37)(25,17,36)(25,17,35)(25,17,34)(25,17,33)(25,17,32)(25,17,31)(25,17,30)(25,17,29)(25,17,28)(25,18,28)(25,19,28)(25,20,28)(25,21,28)(25,22,28)(25,22,27)(25,22,26)(25,22,25)(25,22,24)(25,22,23)(25,22,22)(25,22,21)(25,22,20)(25,22,19)(25,22,18)(25,22,17)(25,22,16)(25,22,15)(25,22,14)(25,22,13)(25,23,13)(25,24,13)(25,25,13)(25,26,13)(25,27,13)(25,27,12)(26,27,12)(26,28,12)(27,28,12)(27,29,12)(27,29,13)(27,30,13)(27,31,13)(28,31,13)(28,31,14)(29,31,14)(29,31,15)(30,31,15)(30,31,16)(31,31,16)(31,31,17)(31,32,17)(32,32,17)(32,32,18)(33,32,18)(33,32,19)(34,32,19)(34,32,20)(35,32,20)(35,32,21)(36,32,21)(36,32,22)(37,32,22)(37,33,22)(37,34,22)(37,34,23)(38,34,23)(38,34,24)(39,34,24)(39,34,25)(40,34,25)(40,35,25)(40,36,25)(40,37,25)(40,37,26)(41,37,26)(41,37,27)(42,37,27)(42,37,28)(42,38,28)(43,38,28)(43,38,29)(44,38,29)(44,38,30)(45,38,30)(45,39,30)(45,40,30)(45,41,30)(45,42,30)(45,43,30)(45,44,30)(45,45,30)(45,46,30)(45,47,30)(45,48,30)(45,49,30)
(5, 0, 10) -> (45, 49, 11)
(5,0,10)(5,0,11)(5,0,12)(5,0,13)(5,0,14)(5,1,14)(5,2,14)(5,3,14)(5,4,14)(5,4,15)(5,5,15)(5,6,15)(5,6,16)(5,6,17)(5,6,18)(5,7,18)(5,7,19)(5,7,20)(5,7,21)(5,7,22)(5,7,23)(5,7,24)(5,7,25)(5,7,26)(5,7,27)(5,7,28)(5,7,29)(5,7,30)(5,7,31)(5,7,32)(5,7,33)(5,7,34)(5,7,35)(5,7,36)(5,8,36)(5,9,36)(5,10,36)(5,11,36)(5,11,37)(5,12,37)(5,13,37)(5,14,37)(5,15,37)(5,16,37)(5,17,37)(5,17,38)(5,17,39)(6,17,39)(7,17,39)(7,17,38)(7,18,38)(7,19,38)(7,20,38)(8,20,38)(8,20,37)(9,20,37)(9,20,36)(10,20,36)(10,20,35)(11,20,35)(11,20,34)(12,20,34)(12,20,33)(13,20,33)(13,21,33)(13,21,32)(13,22,32)(14,22,32)(14,22,31)(15,22,31)(15,23,31)(15,23,30)(16,23,30)(16,23,29)(17,23,29)(17,24,29)(17,24,28)(18,24,28)(18,24,27)(18,25,27)(18,26,27)(18,27,27)(19,27,27)(19,27,26)(20,27,26)(20,27,25)(21,27,25)(21,28,25)(21,29,25)(21,30,25)(21,30,24)(22,30,24)(22,30,23)(23,30,23)(23,30,22)(24,30,22)(24,30,21)(25,30,21)(26,30,21)(26,30,22)(26,30,23)(26,30,24)(26,30,25)(26,30,26)(26,30,27)(26,30,28)(26,30,29)(26,31,29)(26,31,30)(26,31,31)(26,31,32)(26,31,33)(26,31,34)(26,31,35)(26,31,36)(26,31,37)(26,31,38)(26,31,39)(26,31,40)(27,31,40)(28,31,40)(28,32,40)(29,32,40)(30,32,40)(31,32,40)(32,32,40)(33,32,40)(34,32,40)(35,32,40)(36,32,40)(37,32,40)(38,32,40)(39,32,40)(40,32,40)(41,32,40)(42,32,40)(43,32,40)(44,32,40)(45,32,40)(45,32,39)(45,32,38)(45,32,37)(45,33,37)(45,33,36)(45,33,35)(45,34,35)(45,35,35)(45,35,34)(45,35,33)(45,35,32)(45,35,31)(45,35,30)(45,35,29)(45,35,28)(45,35,27)(45,35,26)(45,35,25)(45,35,24)(45,35,23)(45,35,22)(45,35,21)(45,35,20)(45,35,19)(45,35,18)(45,36,18)(45,36,17)(45,36,16)(45,36,15)(45,36,14)(45,37,14)(45,38,14)(45,39,14)(45,39,13)(45,39,12)(45,39,11)(45,40,11)(45,41,11)(45,42,11)(45,43,11)(45,44,11)(45,45,11)(45,46,11)(45,47,11)(45,48,11)(45,49,11)
