0 5 25
0 6 25
1 6 25
1 7 25
1 8 25
1 9 25
2 9 25
2 10 25
3 10 25
3 11 25
3 12 25
3 13 25
3 14 25
3 15 25
3 16 25
3 17 25
3 18 25
4 18 25
5 18 25
6 18 25
7 18 25
8 18 25
9 18 25
10 18 25
10 19 25
11 19 25
12 19 25
13 19 25
14 19 25
14 20 25
14 21 25
15 21 25
15 22 25
16 22 25
16 23 25
16 24 25
16 25 25
16 26 25
17 26 25
18 26 25
19 26 25
20 26 25
20 27 25
20 28 25
20 29 25
20 30 25
20 31 25
21 31 25
22 31 25
22 32 25
23 32 25
24 32 25
25 32 25
26 32 25
27 32 25
28 32 25
28 33 25
28 34 25
28 35 25
29 35 25
30 35 25
31 35 25
32 35 25
33 35 25
33 36 25
34 36 25
35 36 25
36 36 25
37 36 25
37 37 25
37 38 25
37 39 25
37 40 25
38 40 25
38 41 25
38 42 25
38 43 25
39 43 25
39 44 25
40 44 25
41 44 25
42 44 25
43 44 25
44 44 25
45 44 25
46 44 25
47 44 25
48 44 25
49 44 25
