10 5 0
10 6 0
10 7 0
10 8 0
10 9 0
10 10 0
10 11 0
10 12 0
10 13 0
10 14 0
10 15 0
10 16 0
10 17 0
10 17 1
10 18 1
10 19 1
10 19 2
10 20 2
10 21 2
10 21 3
10 22 3
10 23 3
10 23 4
10 24 4
10 25 4
10 26 4
10 27 4
10 28 4
10 28 5
10 28 6
10 29 6
10 30 6
10 31 6
10 32 6
10 33 6
10 34 6
10 34 7
10 35 7
10 36 7
10 37 7
10 38 7
10 39 7
10 40 7
10 40 8
10 40 9
10 40 10
10 40 11
10 41 11
10 42 11
10 42 12
10 42 13
10 42 14
10 42 15
10 43 15
10 44 15
10 45 15
10 45 16
10 45 17
10 45 18
10 44 18
10 43 18
10 42 18
10 41 18
10 40 18
10 39 18
10 38 18
10 37 18
10 36 18
10 35 18
10 34 18
10 33 18
10 32 18
10 32 19
10 31 19
10 30 19
10 29 19
10 28 19
10 27 19
10 27 20
10 27 21
10 27 22
10 26 22
10 25 22
11 25 22
12 25 22
13 25 22
14 25 22
15 25 22
16 25 22
17 25 22
18 25 22
19 25 22
20 25 22
20 25 23
20 25 24
21 25 24
22 25 24
22 25 25
22 25 26
22 25 27
22 25 28
23 25 28
23 25 29
24 25 29
24 25 30
24 25 31
25 25 31
26 25 31
27 25 31
28 25 31
28 25 32
28 25 33
28 25 34
29 25 34
30 25 34
31 25 34
32 25 34
32 25 35
32 25 36
32 25 37
33 25 37
34 25 37
35 25 37
36 25 37
37 25 37
38 25 37
39 25 37
39 25 38
39 25 39
39 25 40
39 25 41
39 25 42
39 25 43
39 25 44
39 25 45
39 25 46
39 25 47
39 25 48
39 25 49
