5 39 0
5 38 0
5 37 0
5 36 0
5 35 0
5 34 0
5 33 0
5 32 0
5 31 0
5 30 0
5 29 0
5 29 1
5 29 2
5 28 2
5 27 2
5 26 2
5 25 2
5 24 2
5 24 3
5 24 4
5 24 5
5 24 6
5 23 6
5 22 6
5 22 7
5 22 8
5 21 8
5 21 9
5 21 10
5 20 10
5 19 10
5 18 10
5 18 11
5 18 12
5 18 13
5 17 13
5 16 13
5 15 13
5 14 13
5 13 13
5 12 13
5 11 13
5 10 13
5 10 14
5 10 15
5 10 16
5 10 17
6 10 17
7 10 17
8 10 17
9 10 17
10 10 17
11 10 17
12 10 17
13 10 17
14 10 17
15 10 17
15 10 18
16 10 18
17 10 18
18 10 18
19 10 18
20 10 18
20 10 19
21 10 19
22 10 19
23 10 19
24 10 19
25 10 19
25 10 20
25 11 20
25 12 20
25 13 20
25 14 20
25 15 20
25 16 20
25 17 20
25 18 20
25 19 20
25 20 20
25 21 20
25 22 20
25 23 20
25 24 20
25 24 21
25 25 21
25 26 21
25 27 21
25 28 21
25 29 21
25 30 21
25 31 21
25 32 21
25 33 21
25 34 21
25 35 21
25 35 22
25 36 22
25 37 22
25 38 22
25 38 23
25 38 24
25 37 24
25 36 24
25 35 24
25 34 24
25 33 24
25 32 24
25 31 24
25 30 24
25 30 25
25 30 26
25 30 27
25 30 28
25 29 28
25 28 28
25 27 28
25 26 28
25 25 28
25 24 28
25 23 28
25 22 28
25 21 28
25 20 28
25 19 28
25 18 28
25 17 28
25 16 28
25 15 28
25 14 28
25 13 28
25 12 28
25 11 28
25 11 29
25 10 29
26 10 29
27 10 29
28 10 29
29 10 29
30 10 29
31 10 29
32 10 29
33 10 29
34 10 29
35 10 29
36 10 29
37 10 29
38 10 29
39 10 29
40 10 29
41 10 29
42 10 29
43 10 29
44 10 29
44 10 30
44 10 31
44 10 32
45 10 32
45 11 32
45 12 32
45 13 32
45 13 33
45 14 33
45 15 33
45 16 33
45 17 33
45 18 33
45 19 33
45 20 33
45 21 33
45 21 34
45 22 34
45 23 34
45 24 34
45 25 34
45 26 34
45 27 34
45 27 35
45 28 35
45 29 35
45 30 35
45 31 35
45 32 35
45 33 35
45 34 35
45 35 35
45 36 35
45 37 35
45 37 36
45 37 37
45 37 38
45 38 38
45 39 38
45 39 39
45 39 40
45 39 41
45 39 42
45 39 43
45 39 44
45 39 45
45 39 46
45 39 47
45 39 48
45 39 49
