5 0 10
5 0 11
5 0 12
5 0 13
5 1 13
5 2 13
5 3 13
5 3 14
5 3 15
5 3 16
5 3 17
5 3 18
5 3 19
5 3 20
5 3 21
5 3 22
5 3 23
5 3 24
5 3 25
5 3 26
5 3 27
5 3 28
5 3 29
5 3 30
5 3 31
5 3 32
5 4 32
5 5 32
5 6 32
5 6 33
5 6 34
5 7 34
5 7 35
5 7 36
5 7 37
5 7 38
5 8 38
5 9 38
5 10 38
5 10 39
5 10 40
6 10 40
7 10 40
8 10 40
9 10 40
10 10 40
10 11 40
11 11 40
12 11 40
13 11 40
14 11 40
15 11 40
15 12 40
16 12 40
17 12 40
18 12 40
19 12 40
20 12 40
21 12 40
21 13 40
22 13 40
23 13 40
24 13 40
25 13 40
26 13 40
27 13 40
27 14 40
28 14 40
29 14 40
30 14 40
31 14 40
32 14 40
33 14 40
33 15 40
33 16 40
34 16 40
35 16 40
36 16 40
37 16 40
38 16 40
39 16 40
39 17 40
40 17 40
41 17 40
42 17 40
43 17 40
44 17 40
45 17 40
45 17 39
45 17 38
45 17 37
45 17 36
45 17 35
45 17 34
45 17 33
45 17 32
45 17 31
45 17 30
45 17 29
45 17 28
45 17 27
45 17 26
45 17 25
45 17 24
45 17 23
45 18 23
45 19 23
45 19 22
45 20 22
45 21 22
45 22 22
45 22 21
45 23 21
45 24 21
45 24 20
45 24 19
45 24 18
45 24 17
45 24 16
45 24 15
45 24 14
45 24 13
45 24 12
45 25 12
45 26 12
45 26 11
45 26 10
44 26 10
43 26 10
42 26 10
41 26 10
40 26 10
39 26 10
38 26 10
37 26 10
37 27 10
37 28 10
36 28 10
35 28 10
35 29 10
35 30 10
35 31 10
35 32 10
35 33 10
35 34 10
35 35 10
34 35 10
33 35 10
32 35 10
31 35 10
30 35 10
29 35 10
28 35 10
27 35 10
26 35 10
25 35 10
24 35 10
23 35 10
22 35 10
21 35 10
20 35 10
19 35 10
19 36 10
19 37 10
18 37 10
17 37 10
16 37 10
15 37 10
14 37 10
13 37 10
12 37 10
11 37 10
10 37 10
9 37 10
8 37 10
7 37 10
7 38 10
6 38 10
6 39 10
6 40 10
6 41 10
6 42 10
6 43 10
6 44 10
6 45 10
6 46 10
6 47 10
6 48 10
6 49 10
