5 39 0
5 38 0
5 38 1
5 37 1
5 36 1
5 35 1
5 34 1
5 34 2
5 33 2
5 32 2
5 31 2
5 30 2
5 29 2
5 29 3
5 29 4
5 28 4
5 27 4
5 26 4
5 25 4
5 24 4
5 23 4
5 22 4
5 21 4
5 21 5
5 21 6
5 20 6
5 19 6
5 18 6
5 17 6
5 17 7
5 17 8
5 17 9
5 16 9
5 15 9
5 14 9
5 13 9
5 12 9
5 12 10
5 11 10
5 10 10
6 10 10
7 10 10
8 10 10
9 10 10
10 10 10
11 10 10
12 10 10
13 10 10
14 10 10
15 10 10
16 10 10
17 10 10
18 10 10
19 10 10
19 10 11
19 10 12
20 10 12
21 10 12
22 10 12
23 10 12
24 10 12
25 10 12
26 10 12
27 10 12
28 10 12
29 10 12
30 10 12
30 10 13
30 10 14
30 10 15
31 10 15
31 10 16
31 10 17
31 10 18
32 10 18
33 10 18
34 10 18
35 10 18
36 10 18
37 10 18
38 10 18
38 10 19
39 10 19
39 10 20
39 10 21
40 10 21
40 10 22
41 10 22
41 10 23
41 10 24
41 10 25
41 10 26
41 10 27
41 10 28
41 10 29
41 10 30
40 10 30
39 10 30
38 10 30
37 10 30
36 10 30
35 10 30
34 10 30
34 10 31
33 10 31
32 10 31
31 10 31
30 10 31
29 10 31
28 10 31
27 10 31
26 10 31
25 10 31
25 11 31
25 11 32
25 12 32
25 12 33
25 12 34
25 12 35
25 12 36
25 12 37
25 12 38
25 13 38
25 14 38
25 15 38
25 16 38
25 17 38
25 18 38
25 19 38
25 20 38
25 21 38
25 22 38
25 23 38
25 24 38
25 25 38
25 26 38
25 27 38
25 28 38
25 29 38
25 30 38
25 30 39
25 31 39
25 32 39
25 33 39
25 34 39
25 35 39
25 36 39
25 37 39
25 38 39
25 38 40
25 38 41
25 38 42
25 38 43
25 38 44
25 38 45
25 38 46
25 38 47
25 38 48
25 38 49
