0 40 10
0 39 10
1 39 10
2 39 10
3 39 10
4 39 10
5 39 10
6 39 10
6 38 10
6 37 10
6 36 10
7 36 10
7 35 10
7 34 10
7 33 10
7 32 10
7 31 10
7 30 10
7 29 10
7 28 10
7 27 10
7 26 10
7 25 10
7 25 11
7 25 12
7 25 13
7 25 14
7 25 15
7 25 16
7 25 17
7 25 18
7 25 19
7 25 20
7 25 21
7 25 22
7 25 23
7 25 24
7 25 25
8 25 25
8 25 26
8 25 27
8 25 28
8 25 29
8 25 30
8 25 31
8 25 32
8 25 33
8 25 34
8 25 35
8 25 36
8 25 37
8 25 38
8 25 39
8 25 40
9 25 40
10 25 40
11 25 40
11 24 40
11 23 40
11 22 40
11 21 40
11 20 40
11 19 40
12 19 40
13 19 40
13 18 40
13 17 40
13 16 40
13 15 40
13 14 40
13 13 40
13 12 40
13 11 40
13 10 40
13 9 40
13 8 40
13 7 40
13 6 40
14 6 40
14 5 40
14 5 39
14 5 38
15 5 38
16 5 38
17 5 38
18 5 38
18 5 37
18 5 36
18 5 35
18 5 34
18 5 33
18 5 32
18 5 31
18 5 30
18 5 29
18 5 28
19 5 28
19 5 27
19 5 26
19 5 25
20 5 25
20 5 24
20 5 23
20 5 22
20 5 21
20 5 20
20 5 19
20 5 18
20 5 17
20 5 16
20 5 15
20 5 14
20 5 13
20 5 12
20 5 11
20 5 10
20 6 10
20 7 10
20 8 10
20 9 10
20 10 10
20 11 10
20 12 10
20 13 10
20 14 10
20 15 10
20 16 10
20 17 10
20 18 10
20 19 10
20 20 10
20 21 10
20 22 10
20 23 10
20 24 10
20 25 10
20 25 11
20 25 12
20 25 13
20 25 14
20 25 15
20 25 16
20 25 17
20 25 18
20 25 19
20 25 20
20 25 21
20 25 22
20 25 23
20 25 24
21 25 24
21 25 25
21 25 26
21 25 27
22 25 27
22 25 28
22 25 29
22 25 30
23 25 30
24 25 30
25 25 30
26 25 30
27 25 30
28 25 30
28 25 31
29 25 31
30 25 31
30 25 32
30 25 33
30 25 34
30 25 35
30 25 36
30 25 37
30 25 38
30 25 39
30 25 40
30 26 40
30 27 40
30 28 40
30 29 40
30 30 40
31 30 40
32 30 40
32 31 40
32 32 40
32 33 40
32 34 40
32 35 40
32 36 40
33 36 40
33 37 40
33 38 40
33 39 40
33 40 40
34 40 40
35 40 40
36 40 40
37 40 40
38 40 40
38 41 40
38 42 40
38 43 40
38 44 40
39 44 40
40 44 40
41 44 40
42 44 40
43 44 40
44 44 40
45 44 40
46 44 40
47 44 40
48 44 40
49 44 40
