45 10 0
44 10 0
43 10 0
42 10 0
42 10 1
42 10 2
42 10 3
42 10 4
41 10 4
40 10 4
39 10 4
38 10 4
37 10 4
36 10 4
35 10 4
34 10 4
33 10 4
32 10 4
31 10 4
30 10 4
29 10 4
28 10 4
27 10 4
26 10 4
25 10 4
24 10 4
23 10 4
22 10 4
21 10 4
20 10 4
19 10 4
18 10 4
17 10 4
16 10 4
15 10 4
14 10 4
13 10 4
12 10 4
11 10 4
10 10 4
9 10 4
9 10 5
8 10 5
7 10 5
6 10 5
5 10 5
5 11 5
5 12 5
5 13 5
5 14 5
5 15 5
5 16 5
5 17 5
5 18 5
5 19 5
5 20 5
5 21 5
5 21 6
5 22 6
5 23 6
5 24 6
5 25 6
5 26 6
5 27 6
5 28 6
5 29 6
5 30 6
5 31 6
5 32 6
5 33 6
5 34 6
5 35 6
5 36 6
5 37 6
5 38 6
5 39 6
5 40 6
5 40 7
5 40 8
5 40 9
5 40 10
6 40 10
7 40 10
8 40 10
9 40 10
10 40 10
11 40 10
12 40 10
12 40 11
13 40 11
13 40 12
13 40 13
14 40 13
15 40 13
16 40 13
17 40 13
17 40 14
18 40 14
19 40 14
20 40 14
21 40 14
22 40 14
23 40 14
24 40 14
24 40 15
24 40 16
24 40 17
25 40 17
25 39 17
25 38 17
25 37 17
25 36 17
25 35 17
25 34 17
25 33 17
25 32 17
25 31 17
25 30 17
25 29 17
25 28 17
25 28 18
25 28 19
25 28 20
25 28 21
25 28 22
25 27 22
25 26 22
25 25 22
25 24 22
25 23 22
25 22 22
25 21 22
25 20 22
25 19 22
25 18 22
25 17 22
25 16 22
25 15 22
25 14 22
25 13 22
25 13 23
25 13 24
25 13 25
25 13 26
25 13 27
25 12 27
26 12 27
26 12 28
27 12 28
27 12 29
27 13 29
27 13 30
27 13 31
28 13 31
28 14 31
29 14 31
29 15 31
30 15 31
30 16 31
31 16 31
31 17 31
31 17 32
32 17 32
32 18 32
33 18 32
33 19 32
34 19 32
34 20 32
35 20 32
35 21 32
36 21 32
36 22 32
37 22 32
37 22 33
37 22 34
37 23 34
38 23 34
38 24 34
39 24 34
39 25 34
40 25 34
40 25 35
40 25 36
40 25 37
40 26 37
41 26 37
41 27 37
42 27 37
42 28 37
42 28 38
43 28 38
43 29 38
44 29 38
44 30 38
45 30 38
45 30 39
45 30 40
45 30 41
45 30 42
45 30 43
45 30 44
45 30 45
45 30 46
45 30 47
45 30 48
45 30 49
